	90AR100-1	90GA16-1	90KS101-1	90LA38-1	90MN137-1	90MN13B-3	90MN148-1	90MN149-2	90MN14B-1	90MN152-1	90MN153-1	90MN17B-1	90MN1B-1	90MN2B-1	90MN3B-1	90MN5B-1	90MN7B-1	90MN8B-2	90MN9B-4	90PA162-1	90SD164-1	90SD171-1	90SD172-1	90TX45-1	90TX47-1	90TX52-1	90TX58-1	90TX70-1	90WI131-1	90WI132-1
90AR100-1	0	1.19968	1.19368	1.19001	1.20588	1.19709	1.2013	1.18367	1.19557	1.18664	1.18351	1.18649	1.17782	1.18359	1.17551	1.19861	1.18386	1.18811	1.18968	1.19358	1.19688	1.19004	1.19225	1.21235	1.20216	1.19405	1.19804	1.19585	1.18478	1.1923
90GA16-1	1.19968	0	1.1687	1.18095	1.19647	1.18685	1.18199	1.17083	1.17869	1.17266	1.16509	1.18452	1.17983	1.1768	1.14943	1.18289	1.18481	1.18415	1.12071	1.18043	1.17598	1.18189	1.17884	1.21016	1.19431	1.16752	1.17603	1.12417	1.18107	1.18211
90KS101-1	1.19368	1.1687	0	1.18474	1.20252	1.19709	1.20039	1.18985	1.19415	1.18458	1.14467	1.195	1.18728	1.18972	1.12502	1.18215	1.1953	1.18821	1.14891	1.19252	1.18924	1.1911	1.17709	1.21126	1.19409	1.14232	1.14546	1.15484	1.18215	1.19152
90LA38-1	1.19001	1.18095	1.18474	0	1.19755	1.19039	1.19634	1.18788	1.18496	1.17263	1.16993	1.18626	1.1805	1.17737	1.1556	1.17663	1.17835	1.17705	1.16836	1.19006	1.13535	1.17639	1.12138	1.19232	1.18716	1.1703	1.17403	1.16595	1.18131	1.17996
90MN137-1	1.20588	1.19647	1.20252	1.19755	0	1.18396	1.18376	1.17226	1.17848	1.17564	1.19412	1.17369	1.17687	1.18039	1.18459	1.20814	1.17652	1.17942	1.19606	1.18201	1.19438	1.17643	1.18896	1.20571	1.18069	1.19691	1.20169	1.20352	1.18503	1.18018
90MN13B-3	1.19709	1.18685	1.19709	1.19039	1.18396	0	1.17607	1.15894	1.15228	1.16107	1.18545	1.16929	1.17115	1.16749	1.17297	1.20199	1.16609	1.1069	1.18062	1.16594	1.19114	1.15846	1.1816	1.18759	1.12894	1.19682	1.19051	1.18852	1.16229	1.16068
90MN148-1	1.2013	1.18199	1.20039	1.19634	1.18376	1.17607	0	1.16869	1.16919	1.16886	1.19228	1.17239	1.17708	1.17503	1.17945	1.21037	1.17197	1.16566	1.1847	1.18015	1.19379	1.17418	1.18168	1.19868	1.17628	1.19247	1.19809	1.19089	1.17771	1.18125
90MN149-2	1.18367	1.17083	1.18985	1.18788	1.17226	1.15894	1.16869	0	1.16366	1.14315	1.18522	1.16674	1.16858	1.16762	1.16971	1.20159	1.16142	1.1557	1.17185	1.16194	1.18564	1.16102	1.17855	1.19068	1.16768	1.18595	1.18689	1.17341	1.16684	1.16983
90MN14B-1	1.19557	1.17869	1.19415	1.18496	1.17848	1.15228	1.16919	1.16366	0	1.1613	1.19424	1.16755	1.16772	1.16432	1.178	1.19893	1.12322	1.16226	1.17954	1.17503	1.17831	1.15607	1.17618	1.19242	1.1702	1.19139	1.1957	1.1878	1.169	1.15853
90MN152-1	1.18664	1.17266	1.18458	1.17263	1.17564	1.16107	1.16886	1.14315	1.1613	0	1.17165	1.16735	1.14929	1.15532	1.16148	1.19255	1.14616	1.14049	1.16226	1.15081	1.17857	1.15199	1.16514	1.17299	1.16343	1.18385	1.17218	1.16815	1.15947	1.15083
90MN153-1	1.18351	1.16509	1.14467	1.16993	1.19412	1.18545	1.19228	1.18522	1.19424	1.17165	0	1.18947	1.17797	1.1763	1.11554	1.17794	1.18707	1.18477	1.15211	1.1805	1.17702	1.18097	1.17299	1.19941	1.18974	1.13104	1.14193	1.15825	1.17385	1.18425
90MN17B-1	1.18649	1.18452	1.195	1.18626	1.17369	1.16929	1.17239	1.16674	1.16755	1.16735	1.18947	0	1.17232	1.16878	1.17717	1.20536	1.16431	1.16074	1.18293	1.1756	1.18462	1.16838	1.17545	1.18264	1.17191	1.1895	1.19182	1.19215	1.17554	1.16777
90MN1B-1	1.17782	1.17983	1.18728	1.1805	1.17687	1.17115	1.17708	1.16858	1.16772	1.14929	1.17797	1.17232	0	1.10687	1.1643	1.19559	1.16161	1.15808	1.16784	1.16747	1.19188	1.15972	1.17283	1.18187	1.17573	1.17947	1.18001	1.17794	1.17296	1.15456
90MN2B-1	1.18359	1.1768	1.18972	1.17737	1.18039	1.16749	1.17503	1.16762	1.16432	1.15532	1.1763	1.16878	1.10687	0	1.16113	1.19137	1.15525	1.15732	1.17109	1.16395	1.18527	1.16081	1.17144	1.17511	1.17067	1.17671	1.18408	1.1773	1.16804	1.16317
90MN3B-1	1.17551	1.14943	1.12502	1.1556	1.18459	1.17297	1.17945	1.16971	1.178	1.16148	1.11554	1.17717	1.1643	1.16113	0	1.16254	1.17118	1.16399	1.12858	1.16908	1.15817	1.16491	1.15537	1.18598	1.17783	1.11732	1.12139	1.13699	1.16477	1.16728
90MN5B-1	1.19861	1.18289	1.18215	1.17663	1.20814	1.20199	1.21037	1.20159	1.19893	1.19255	1.17794	1.20536	1.19559	1.19137	1.16254	0	1.19919	1.1941	1.16423	1.20834	1.1778	1.19921	1.17091	1.21879	1.20589	1.17899	1.17906	1.17894	1.20596	1.20132
90MN7B-1	1.18386	1.18481	1.1953	1.17835	1.17652	1.16609	1.17197	1.16142	1.12322	1.14616	1.18707	1.16431	1.16161	1.15525	1.17118	1.19919	0	1.14752	1.1786	1.16344	1.19118	1.14963	1.1709	1.17755	1.16176	1.19021	1.18828	1.17802	1.16487	1.16734
90MN8B-2	1.18811	1.18415	1.18821	1.17705	1.17942	1.1069	1.16566	1.1557	1.16226	1.14049	1.18477	1.16074	1.15808	1.15732	1.16399	1.1941	1.14752	0	1.17227	1.15499	1.1846	1.15316	1.16557	1.17127	1.11197	1.18428	1.18185	1.17157	1.16011	1.16076
90MN9B-4	1.18968	1.12071	1.14891	1.16836	1.19606	1.18062	1.1847	1.17185	1.17954	1.16226	1.15211	1.18293	1.16784	1.17109	1.12858	1.16423	1.1786	1.17227	0	1.16932	1.17044	1.1746	1.16173	1.19738	1.18191	1.14472	1.15343	1.0947	1.15681	1.17274
90PA162-1	1.19358	1.18043	1.19252	1.19006	1.18201	1.16594	1.18015	1.16194	1.17503	1.15081	1.1805	1.1756	1.16747	1.16395	1.16908	1.20834	1.16344	1.15499	1.16932	0	1.18727	1.16221	1.17643	1.18585	1.16671	1.18342	1.18638	1.18055	1.16066	1.17026
90SD164-1	1.19688	1.17598	1.18924	1.13535	1.19438	1.19114	1.19379	1.18564	1.17831	1.17857	1.17702	1.18462	1.19188	1.18527	1.15817	1.1778	1.19118	1.1846	1.17044	1.18727	0	1.17633	1.12979	1.20247	1.18841	1.17711	1.1796	1.17486	1.18911	1.18264
90SD171-1	1.19004	1.18189	1.1911	1.17639	1.17643	1.15846	1.17418	1.16102	1.15607	1.15199	1.18097	1.16838	1.15972	1.16081	1.16491	1.19921	1.14963	1.15316	1.1746	1.16221	1.17633	0	1.16963	1.17892	1.16753	1.18714	1.18079	1.18277	1.16447	1.15613
90SD172-1	1.19225	1.17884	1.17709	1.12138	1.18896	1.1816	1.18168	1.17855	1.17618	1.16514	1.17299	1.17545	1.17283	1.17144	1.15537	1.17091	1.1709	1.16557	1.16173	1.17643	1.12979	1.16963	0	1.18881	1.17817	1.1709	1.17461	1.16805	1.17322	1.17581
90TX45-1	1.21235	1.21016	1.21126	1.19232	1.20571	1.18759	1.19868	1.19068	1.19242	1.17299	1.19941	1.18264	1.18187	1.17511	1.18598	1.21879	1.17755	1.17127	1.19738	1.18585	1.20247	1.17892	1.18881	0	1.18103	1.20334	1.19778	1.19994	1.19268	1.19105
90TX47-1	1.20216	1.19431	1.19409	1.18716	1.18069	1.12894	1.17628	1.16768	1.1702	1.16343	1.18974	1.17191	1.17573	1.17067	1.17783	1.20589	1.16176	1.11197	1.18191	1.16671	1.18841	1.16753	1.17817	1.18103	0	1.19282	1.18957	1.17575	1.17379	1.16607
90TX52-1	1.19405	1.16752	1.14232	1.1703	1.19691	1.19682	1.19247	1.18595	1.19139	1.18385	1.13104	1.1895	1.17947	1.17671	1.11732	1.17899	1.19021	1.18428	1.14472	1.18342	1.17711	1.18714	1.1709	1.20334	1.19282	0	1.13772	1.151	1.17518	1.18331
90TX58-1	1.19804	1.17603	1.14546	1.17403	1.20169	1.19051	1.19809	1.18689	1.1957	1.17218	1.14193	1.19182	1.18001	1.18408	1.12139	1.17906	1.18828	1.18185	1.15343	1.18638	1.1796	1.18079	1.17461	1.19778	1.18957	1.13772	0	1.15823	1.18201	1.18301
90TX70-1	1.19585	1.12417	1.15484	1.16595	1.20352	1.18852	1.19089	1.17341	1.1878	1.16815	1.15825	1.19215	1.17794	1.1773	1.13699	1.17894	1.17802	1.17157	1.0947	1.18055	1.17486	1.18277	1.16805	1.19994	1.17575	1.151	1.15823	0	1.16994	1.18156
90WI131-1	1.18478	1.18107	1.18215	1.18131	1.18503	1.16229	1.17771	1.16684	1.169	1.15947	1.17385	1.17554	1.17296	1.16804	1.16477	1.20596	1.16487	1.16011	1.15681	1.16066	1.18911	1.16447	1.17322	1.19268	1.17379	1.17518	1.18201	1.16994	0	1.16883
90WI132-1	1.1923	1.18211	1.19152	1.17996	1.18018	1.16068	1.18125	1.16983	1.15853	1.15083	1.18425	1.16777	1.15456	1.16317	1.16728	1.20132	1.16734	1.16076	1.17274	1.17026	1.18264	1.15613	1.17581	1.19105	1.16607	1.18331	1.18301	1.18156	1.16883	0
