	12NC29	12SD80	15FL1-2	15Fl1-4	15MN10-4	15MN10-5	15MN13-4	15MN14-4	15MN15-3	15MN16-3	15MN17-5	15MN18-1	15MN18-3	15MN23-1	15MN24-1	15MN25-3	15MN27-3	15MS7-1	15ND19-2	15ND19-5	15ND20-3	15ND20-4	15NE8-4	15NE8-5	15NE9-1	15NE9-3	15OH12-3	15SD11-1	15SD11-2	15SD30-1	15SD30-3	15TX3-1	90AR100-1	90GA16-1	90KS101-1	90LA38-1	90MN137-1	90MN13B-3	90MN148-1	90MN149-2	90MN14B-1	90MN152-1	90MN153-1	90MN17B-1	90MN1B-1	90MN2B-1	90MN3B-1	90MN5B-1	90MN7B-1	90MN8B-2	90MN9B-4	90PA162-1	90SD164-1	90SD171-1	90SD172-1	90TX45-1	90TX47-1	90TX52-1	90TX58-1	90TX70-1	90WI131-1	90WI132-1
12NC29	650401	300001	230311	176808	210725	187151	168091	182841	183540	162981	201868	200876	298693	191227	184920	182152	219568	206119	244000	185326	194922	230425	186312	192471	300687	125547	175366	179256	187767	133912	188542	250642	163531	182145	163472	177334	167144	177586	176507	166905	211164	166662	182545	171367	180566	194628	191797	183359	174035	166096	186888	165360	180197	174205	191415	143868	163405	178945	163660	162219	173813	172332
12SD80	300001	970272	286856	210492	261553	234367	212262	234836	235791	211539	261065	260103	383819	247045	247154	236094	283608	226176	279674	239124	245649	290939	243796	231660	335309	160157	224916	230098	243811	130844	228879	316352	210794	220787	206515	220155	209501	227135	222979	229514	269073	215706	231908	226103	238375	254943	237777	221910	239143	226291	233038	203796	219099	221959	231906	187538	214270	216967	207131	204299	231307	225891
15FL1-2	230311	286856	2.06616e+06	592901	672011	632895	561454	618934	603362	549182	745292	639783	1.02216e+06	642220	617274	607483	745670	677528	788608	604154	635360	721429	667787	643502	852708	446182	579687	574624	643609	442928	634530	824656	497032	509729	493409	507332	497138	518655	529287	532283	592716	538224	536642	513742	589996	613303	573555	524885	556610	553455	556425	517285	515214	543968	524843	455196	491574	514482	491935	490991	582620	543683
15Fl1-4	176808	210492	592901	1.43579e+06	508872	454476	432978	448324	429756	416104	519475	483143	754840	488729	467606	455312	535606	584960	677267	440681	455941	567627	493886	488309	624620	324413	435424	428714	492481	403227	469862	587981	381958	390226	369896	392687	383943	383679	401294	408855	452608	420195	412002	402042	444538	475860	449188	402398	428251	419328	425271	401107	391587	413654	407414	361421	373432	392002	372273	378118	431637	411077
15MN10-4	210725	261553	672011	508872	1.69475e+06	553745	520304	574585	545034	519806	634021	606448	932554	596903	591852	560906	694757	550732	657847	541411	573517	645307	605543	566484	658649	385755	514270	521338	586961	325228	555799	710215	481081	502556	473539	492669	492702	497969	516330	542111	596825	538419	525705	515755	563957	594718	561415	520143	561673	545777	546421	500912	509691	531487	524154	445455	479626	506205	471146	480582	556511	511550
15MN10-5	187151	234367	632895	454476	553745	1.47249e+06	465008	507544	475214	454536	602635	523198	808305	520152	514991	494440	608462	463720	564433	485451	524336	564067	549953	506067	656669	383110	462570	469448	510175	309235	524698	656054	426088	455955	431598	439530	437794	462043	463785	472053	523047	474212	465625	460056	502997	533170	519595	462152	490746	492268	491410	454584	446358	472459	461076	399086	438684	456882	428815	432881	501698	457873
15MN13-4	168091	212262	561454	432978	520304	465008	1.3313e+06	474157	445958	420499	532422	494021	741963	486689	486896	471167	567471	465881	541757	450246	486923	535902	504239	480032	555984	328326	427421	437222	476052	285291	468124	587128	394350	422424	406886	409252	416813	425182	442619	462341	492654	468094	439414	432060	477293	506429	468798	432411	462434	470253	477074	434050	424967	456494	432991	385167	416703	421896	403961	413521	466175	435877
15MN14-4	182841	234836	618934	448324	574585	507544	474157	1.59363e+06	522106	474241	588231	563172	852605	552363	546050	529825	641571	477663	585444	500353	532287	592104	564094	518604	595080	359989	457301	484144	527136	269366	522435	660851	443815	471990	433968	433686	442793	457522	475396	491967	530443	468892	475886	466045	510848	532125	522773	458904	498424	506042	504769	449219	464272	484620	471222	404384	452638	460553	414762	448517	506509	462380
15MN15-3	183540	235791	603362	429756	545034	475214	445958	522106	1.63931e+06	451321	563375	532875	837823	528056	513995	482983	585783	447461	562352	494474	509540	556671	531322	485709	706704	355461	450563	462511	508782	259145	486935	627043	415668	433192	411517	417252	428186	418067	435438	455745	498738	447833	456756	437651	478594	504060	483275	440023	460024	455737	463274	418165	446118	452352	439334	382838	414194	431982	403912	410126	485897	440271
15MN16-3	162981	211539	549182	416104	519806	454536	420499	474241	451321	1.34216e+06	524476	502296	747957	485050	480776	469538	569268	441962	521975	450142	483627	529941	491500	466171	556159	325315	413291	433795	476638	259463	446654	576828	394514	415213	396157	410473	420756	423898	449797	457841	489205	440148	429161	434546	467174	498353	486078	427816	473352	453309	452323	419040	423954	450696	437016	384396	413296	416371	404805	412679	465085	435111
15MN17-5	201868	261065	745292	519475	634021	602635	532422	588231	563375	524476	1.78428e+06	611227	937082	603395	599125	561627	653439	579844	681624	561913	601048	669502	647143	590344	757207	435242	527488	543757	602773	364562	600827	741641	506146	533466	507845	511866	510587	539037	551653	567772	611123	571957	559076	540692	596810	629106	608283	557437	584632	590940	592591	530732	538875	571017	541053	476782	522611	533524	504766	517321	598509	556526
15MN18-1	200876	260103	639783	483143	606448	523198	494021	563172	532875	502296	611227	1.63709e+06	885656	571627	565348	530352	632560	514664	605566	533184	558516	614122	581240	524374	649106	377636	490466	511606	560902	280509	513868	667071	473443	497366	467551	484605	491726	494770	516347	534979	569885	525198	514489	513198	553156	589341	563826	520138	541880	545907	543146	500653	498019	530713	528289	446509	489244	492711	472345	485210	555985	514513
15MN18-3	298693	383819	1.02216e+06	754840	932554	808305	741963	852605	837823	747957	937082	885656	3.16301e+06	869265	863573	846442	981551	824278	1.00938e+06	812697	853891	948751	878086	822028	1.11024e+06	570885	760020	776933	858398	486842	807124	1.02931e+06	676206	701549	672704	704851	688403	692401	733938	742313	827378	735835	749793	724319	795622	839075	790219	722582	774718	748824	760213	695551	715976	747780	731726	623119	673888	702794	665432	665789	793413	716558
15MN23-1	191227	247045	642220	488729	596903	520152	486689	552363	528056	485050	603395	571627	869265	1.63974e+06	558018	550073	685850	519194	613752	514822	550351	617880	579656	533539	620064	360737	477766	494775	541101	308010	532306	681765	450136	465291	445793	446313	453157	462467	480598	492852	532123	482137	484319	466671	514848	536883	516903	475819	501542	489148	499629	457846	469098	486515	472069	418354	450275	462277	427614	433967	502499	476263
15MN24-1	184920	247154	617274	467606	591852	514991	486896	546050	513995	480776	599125	565348	863573	558018	1.54485e+06	531162	623278	505212	612190	511667	543982	602103	568196	521644	605983	362349	474796	498285	539417	287543	502771	645508	441213	470843	445015	454318	459228	468639	480334	498014	539519	493824	487671	476925	516579	552093	520091	480489	511155	520588	507945	464259	472580	497917	484215	424298	453317	457518	440730	447496	519085	477177
15MN25-3	182152	236094	607483	455312	560906	494440	471167	529825	482983	469538	561627	530352	846442	550073	531162	1.64909e+06	742308	474132	567495	472392	523494	568364	531638	523421	626877	338319	461706	458911	519652	281981	513914	668200	413621	435834	414307	427237	421510	420052	440996	462427	505647	464363	444510	435895	481648	510822	485653	445132	470552	451519	474414	426822	434024	461166	450533	388176	418587	434244	407005	406492	482614	440756
15MN27-3	219568	283608	745670	535606	694757	608462	567471	641571	585783	569268	653439	632560	981551	685850	623278	742308	2.57831e+06	554410	684690	575978	636737	696548	661341	614517	758373	384709	537258	532469	597910	316622	619304	861424	479143	490984	459446	481041	484721	473873	515079	526375	566473	522504	506695	503887	551445	582302	546864	505432	538576	518946	522570	493686	497485	516244	496999	437460	474520	491989	462767	461389	550216	491743
15MS7-1	206119	226176	677528	584960	550732	463720	465881	477663	447461	441962	579844	514664	824278	519194	505212	474132	554410	2.19985e+06	1.07843e+06	440872	486836	692528	544298	582973	754826	338395	465219	470047	583355	683319	521269	653071	383036	396089	371801	389671	405409	400139	419249	439113	464522	420461	417640	414814	454262	472445	450713	412688	434561	431579	435779	410528	413162	427169	414692	353813	388415	403127	380100	378211	447546	411969
15ND19-2	244000	279674	788608	677267	657847	564433	541757	585444	562352	521975	681624	605566	1.00938e+06	613752	612190	567495	684690	1.07843e+06	2.59822e+06	562488	602889	830569	629704	679834	769678	395608	539941	540607	671832	708940	608246	767681	459660	478936	452651	456384	475945	469256	490044	496409	553392	500329	503188	480711	531730	556535	522180	490612	513824	498191	509377	480318	481840	497141	490681	416045	444901	465603	456233	447812	540372	497965
15ND19-5	185326	239124	604154	440681	541411	485451	450246	500353	494474	450142	561913	533184	812697	514822	511667	472392	575978	440872	562488	1.43796e+06	515070	607812	535407	503489	585711	349523	456108	484340	511008	269253	483914	624756	426498	444294	427929	451525	450680	443195	463438	469868	513919	475421	469135	454061	500652	518678	502982	457022	495270	484479	481456	448776	460472	478858	469894	403223	435788	447801	420656	420200	492756	475129
15ND20-3	194922	245649	635360	455941	573517	524336	486923	532287	509540	483627	601048	558516	853891	550351	543982	523494	636737	486836	602889	515070	1.59196e+06	599290	561966	521145	642548	357990	475868	486172	539638	294991	520500	659033	450421	477415	448616	450597	457007	473460	491878	509661	548635	507477	490367	489396	525410	551852	533938	483146	514531	512947	525374	470165	479912	497368	498039	430410	465644	470547	448768	453084	521160	495045
15ND20-4	230425	290939	721429	567627	645307	564067	535902	592104	556671	529941	669502	614122	948751	617880	602103	568364	696548	692528	830569	607812	599290	1.89852e+06	632592	622469	723803	403149	533500	546773	624149	439818	583148	736531	503514	526775	498065	525765	519706	523002	544984	552422	612347	560215	547095	540196	598228	610010	582720	528008	587950	565196	567703	528609	540470	546238	549831	465377	519766	525504	495089	502843	576361	550947
15NE8-4	186312	243796	667787	493886	605543	549953	504239	564094	531322	491500	647143	581240	878086	579656	568196	531638	661341	544298	629704	535407	561966	632592	1.67605e+06	582146	684920	397536	494571	521788	578846	324176	547643	689911	474838	502117	477721	497721	504546	496600	512243	537564	578749	534767	518380	520465	571692	602373	571460	510802	563584	548206	551675	500478	520941	531262	537569	453392	493864	509749	471350	491065	556258	515669
15NE8-5	192471	231660	643502	488309	566484	506067	480032	518604	485709	466171	590344	524374	822028	533539	521644	523421	614517	582973	679834	503489	521145	622469	582146	1.53924e+06	687028	361424	464698	482331	544254	389516	537420	666277	425280	460117	429608	436696	451205	451616	477520	482624	529381	487464	470907	457421	508526	541353	514342	469572	504092	486450	494826	456002	453860	481015	478057	409380	441118	465196	421668	435703	503783	462096
15NE9-1	300687	335309	852708	624620	658649	656669	555984	595080	706704	556159	757207	649106	1.11024e+06	620064	605983	626877	758373	754826	769678	585711	642548	723803	684920	687028	1.0652e+07	563007	622595	694547	655293	704357	678286	873391	497896	548097	499696	496930	516834	547343	566050	548796	652628	556294	549595	551416	579496	616362	593753	518847	558354	559449	587809	540097	526030	555850	536454	467428	502640	509447	503508	511513	607323	581390
15NE9-3	125547	160157	446182	324413	385755	383110	328326	359989	355461	325315	435242	377636	570885	360737	362349	338319	384709	338395	395608	349523	357990	403149	397536	361424	563007	916747	343572	348693	366996	237031	364371	460158	310162	335796	321449	321416	323834	343769	344314	347672	383675	340481	349323	334298	378361	402741	377964	339983	364799	369244	360842	326397	341525	357546	341075	304654	336114	342830	315010	327857	363426	352385
15OH12-3	175366	224916	579687	435424	514270	462570	427421	457301	450563	413291	527488	490466	760020	477766	474796	461706	537258	465219	539941	456108	475868	533500	494571	464698	622595	343572	1.35394e+06	440756	473629	300160	444636	586320	391401	406490	393821	411524	405062	423773	428428	433046	467960	451931	429998	413534	464892	495390	461435	428285	462042	453553	448883	425477	414807	442553	435028	373781	410757	414066	387273	404504	457383	423131
15SD11-1	179256	230098	574624	428714	521338	469448	437222	484144	462511	433795	543757	511606	776933	494775	498285	458911	532469	470047	540607	484340	486172	546773	521788	482331	694547	348693	440756	1.36381e+06	500577	290321	457455	581946	417807	441621	422113	442099	442824	450258	462955	477413	521388	476536	469184	460748	495499	536323	517467	462454	492232	486023	488151	453428	460937	474031	463688	399008	439110	454366	425657	430339	487840	466153
15SD11-2	187767	243811	643609	492481	586961	510175	476052	527136	508782	476638	602773	560902	858398	541101	539417	519652	597910	583355	671832	511008	539638	624149	578846	544254	655293	366996	473629	500577	1.59223e+06	361520	513550	653321	459758	471193	452265	465454	469377	472208	481637	515389	561025	506338	492742	476909	540401	565325	537119	492326	531452	517458	507756	476184	486656	503715	500614	416504	469080	477256	447995	453883	533522	494420
15SD30-1	133912	130844	442928	403227	325228	309235	285291	269366	259145	259463	364562	280509	486842	308010	287543	281981	316622	683319	708940	269253	294991	439818	324176	389516	704357	237031	300160	290321	361520	1.22291e+06	351497	414610	242170	252689	244694	242300	251292	252912	262474	263912	289599	273601	265339	255485	278793	298594	288442	248248	276798	275550	287885	257524	251892	270234	260088	231426	246243	255449	241785	245730	272539	266019
15SD30-3	188542	228879	634530	469862	555799	524698	468124	522435	486935	446654	600827	513868	807124	532306	502771	513914	619304	521269	608246	483914	520500	583148	547643	537420	678286	364371	444636	457455	513550	351497	1.52135e+06	666413	421430	456160	428391	426108	439069	446819	455338	473772	524195	465739	463745	459269	496759	524538	502503	452792	483241	478042	494430	435280	447867	471081	457480	402481	433983	450361	422342	429995	486619	446144
15TX3-1	250642	316352	824656	587981	710215	656054	587128	660851	627043	576828	741641	667071	1.02931e+06	681765	645508	668200	861424	653071	767681	624756	659033	736531	689911	666277	873391	460158	586320	581946	653321	414610	666413	2.24559e+06	516891	537092	519967	519358	528496	524492	558573	556708	615685	551771	560246	536524	601007	636010	600021	550577	584773	563038	566169	530526	533345	564582	549966	470495	501467	549124	507446	500652	587568	541541
90AR100-1	163531	210794	497032	381958	481081	426088	394350	443815	415668	394514	506146	473443	676206	450136	441213	413621	479143	383036	459660	426498	450421	503514	474838	425280	497896	310162	391401	417807	459758	242170	421430	516891	1.32264e+06	501857	502301	501966	468205	474227	491609	536436	541338	537115	536287	513624	550941	580869	600603	527948	537737	527079	572734	484121	508940	514320	522493	437028	481785	516518	484877	515603	543827	512574
90GA16-1	182145	220787	509729	390226	502556	455955	422424	471990	433192	415213	533466	497366	701549	465291	470843	435834	490984	396089	478936	444294	477415	526775	502117	460117	548097	335796	406490	441621	471193	252689	456160	537092	501857	1.45704e+06	580687	556800	517898	526172	557788	600940	606523	609146	609393	554199	587518	634047	695075	597910	584336	583621	741658	545510	579165	563792	587639	475695	532943	600040	561304	679226	592691	564819
90KS101-1	163472	206515	493409	369896	473539	431598	406886	433968	411517	396157	507845	467551	672704	445793	445015	414307	459446	371801	452651	427929	448616	498065	477721	429608	499696	321449	393821	422113	452265	244694	428391	519967	502301	580687	1.37508e+06	536592	504924	495319	517306	551630	568067	571295	627632	524949	561412	600224	720410	583445	549063	557712	674343	514739	549619	536815	579020	461867	520396	628163	597043	606896	569810	539957
90LA38-1	177334	220155	507332	392687	492669	439530	409252	433686	417252	410473	511866	484605	704851	446313	454318	427237	481041	389671	456384	451525	450597	525765	497721	436696	496930	321416	411524	442099	465454	242300	426108	519358	501966	556800	536592	1.39416e+06	513771	508695	526502	559665	586559	585276	583927	542042	570796	613688	660189	594872	581818	574932	634209	517718	643217	561550	671987	495101	531582	579322	545991	592378	571497	553208
90MN137-1	167144	209501	497138	383943	492702	437794	416813	442793	428186	420756	510587	491726	688403	453157	459228	421510	484721	405409	475945	450680	457007	519706	504546	451205	516834	323834	405062	442824	469377	251292	439069	528496	468205	517898	504924	513771	1.3714e+06	515200	537673	571524	593057	574525	534548	549125	568951	600998	604154	529469	574704	568729	576030	526272	533843	558472	553406	467849	535967	525865	496703	518951	558047	547208
90MN13B-3	177586	227135	518655	383679	497969	462043	425182	457522	418067	423898	539037	494770	692401	462467	468639	420052	473873	400139	469256	443195	473460	523002	496600	451616	547343	343769	423773	450258	472208	252912	446819	524492	474227	526172	495319	508695	515200	1.35364e+06	550233	588068	618977	584589	543002	551908	568856	614166	609974	533226	583960	684647	587596	537463	525689	574167	555986	482276	610997	515170	500504	533508	581231	564243
90MN148-1	176507	222979	529287	401294	516330	463785	442619	475396	435438	449797	551653	516347	733938	480598	480334	440996	515079	419249	490044	463438	491878	544984	512243	477520	566050	344314	428428	462955	481637	262474	455338	558573	491609	557788	517306	526502	537673	550233	1.46578e+06	596869	626032	599846	555653	567074	585650	629825	629190	543269	596636	616737	610410	539760	543686	573231	574454	488169	561722	546508	517069	555811	585421	557571
90MN149-2	166905	229514	532283	408855	542111	472053	462341	491967	455745	457841	567772	534979	742313	492852	498014	462427	526375	439113	496409	469868	509661	552422	537564	482624	548796	347672	433046	477413	515389	263912	473772	556708	536436	600940	551630	559665	571524	588068	596869	1.54851e+06	651360	668628	580750	595919	618793	663312	664600	573331	637481	641281	663860	589425	576831	613586	603142	518170	587472	575213	548509	604802	625413	602350
90MN14B-1	211164	269073	592716	452608	596825	523047	492654	530443	498738	489205	611123	569885	827378	532123	539519	505647	566473	464522	553392	513919	548635	612347	578749	529381	652628	383675	467960	521388	561025	289599	524195	615685	541338	606523	568067	586559	593057	618977	626032	651360	1.69266e+06	663212	599050	623751	652096	705534	683010	596420	740802	660459	667598	594882	615458	653091	631120	545189	607949	596642	562122	607526	651506	639312
90MN152-1	166662	215706	538224	420195	538419	474212	468094	468892	447833	440148	571957	525198	735835	482137	493824	464363	522504	420461	500329	475421	507477	560215	534767	487464	556294	340481	451931	476536	506338	273601	465739	551771	537115	609146	571295	585276	574525	584589	599846	668628	663212	1.51703e+06	614958	601804	656817	693163	689490	601130	662586	667029	690968	606536	596868	627675	630777	546038	599924	591517	579241	625137	644413	635199
90MN153-1	182545	231908	536642	412002	525705	465625	439414	475886	456756	429161	559076	514489	749793	484319	487671	444510	506695	417640	503188	469135	490367	547095	518380	470907	549595	349323	429998	469184	492742	265339	463745	560246	536287	609393	627632	583927	534548	543002	555653	580750	599050	614958	1.51662e+06	555529	599430	650274	765440	616314	585427	589701	693340	553052	595956	578089	611214	503071	551770	672652	623183	630466	611574	574802
90MN17B-1	171367	226103	513742	402042	515755	460056	432060	466045	437651	434546	540692	513198	724319	466671	476925	435895	503887	414814	480711	454061	489396	540196	520465	457421	551416	334298	413534	460748	476909	255485	459269	536524	513624	554199	524949	542042	549125	551908	567074	595919	623751	601804	555529	1.4407e+06	592911	641356	631458	546079	612465	613242	615651	549716	559649	581844	587685	511079	564038	548341	524737	552346	589259	578659
90MN1B-1	180566	238375	589996	444538	563957	502997	477293	510848	478594	467174	596810	553156	795622	514848	516579	481648	551445	454262	531730	500652	525410	598228	571692	508526	579496	378361	464892	495499	540401	278793	496759	601007	550941	587518	561412	570796	568951	568856	585650	618793	652096	656817	599430	592911	1.55427e+06	782558	683614	589943	636138	641591	670926	577725	574527	619595	614167	535808	578290	596332	568431	603368	617837	631529
90MN2B-1	194628	254943	613303	475860	594718	533170	506429	532125	504060	498353	629106	589341	839075	536883	552093	510822	582302	472445	556535	518678	551852	610010	602373	541353	616362	402741	495390	536323	565325	298594	524538	636010	580869	634047	600224	613688	600998	614166	629825	663312	705534	693163	650274	641356	782558	1.77294e+06	737435	633743	688167	685971	714553	623836	625060	656576	658292	584021	627537	644219	602024	646008	675315	659679
90MN3B-1	191797	237777	573555	449188	561415	519595	468798	522773	483275	486078	608283	563826	790219	516903	520091	485653	546864	450713	522180	502982	533938	582720	571460	514342	593753	377964	461435	517467	537119	288442	502503	600021	600603	695075	720410	660189	604154	609974	629190	664600	683010	689490	765440	631458	683614	737435	1.75351e+06	702212	673529	678059	805373	625265	681726	654530	695829	570230	619931	759924	715419	726450	685071	656536
90MN5B-1	183359	221910	524885	402398	520143	462152	432411	458904	440023	427816	557437	520138	722582	475819	480489	445132	505432	412688	490612	457022	483146	528008	510802	469572	518847	339983	428285	462454	492326	248248	452792	550577	527948	597910	583445	594872	529469	533226	543269	573331	596420	601130	616314	546079	589943	633743	702212	1.61901e+06	581701	594317	697248	524139	612635	559102	634707	479138	542477	609524	582921	613806	571339	564010
90MN7B-1	174035	239143	556610	428251	561673	490746	462434	498424	460024	473352	584632	541880	774718	501542	511155	470552	538576	434561	513824	495270	514531	587950	563584	504092	558354	364799	462042	492232	531452	276798	483241	584773	537737	584336	549063	581818	574704	583960	596636	637481	740802	662586	585427	612465	636138	688167	673529	581701	1.55965e+06	660983	650335	592889	581163	642100	622353	549364	608795	574396	550896	601562	636293	608152
90MN8B-2	166096	226291	553455	419328	545777	492268	470253	506042	455737	453309	590940	545907	748824	489148	520588	451519	518946	431579	498191	484479	512947	565196	548206	486450	559449	369244	453553	486023	517458	275550	478042	563038	527079	583621	557712	574932	568729	684647	616737	641281	660459	667029	589701	613242	641591	685971	678059	594317	660983	1.5517e+06	660826	597180	584944	629153	627163	548376	691046	583350	559372	613664	635216	615047
90MN9B-4	186888	233038	556425	425271	546421	491410	477074	504769	463274	452323	592591	543146	760213	499629	507945	474414	522570	435779	509377	481456	525374	567703	551675	494826	587809	360842	448883	488151	507756	287885	494430	566169	572734	741658	674343	634209	576030	587596	610410	663860	667598	690968	693340	615651	670926	714553	805373	697248	650335	660826	1.71323e+06	615890	654054	632820	679697	543794	606490	705807	657190	793127	694564	640998
90PA162-1	165360	203796	517285	401107	500912	454584	434050	449219	418165	419040	530732	500653	695551	457846	464259	426822	493686	410528	480318	448776	470165	528609	500478	456002	540097	326397	425477	453428	476184	257524	435280	530526	484121	545510	514739	517718	526272	537463	539760	589425	594882	606536	553052	549716	577725	623836	625265	524139	592889	597180	615890	1.36501e+06	543697	572611	571879	492586	554227	542553	512742	553030	594464	552423
90SD164-1	180197	219099	515214	391587	509691	446358	424967	464272	446118	423954	538875	498019	715976	469098	472580	434024	497485	413162	481840	460472	479912	540470	520941	453860	526030	341525	414807	460937	486656	251892	447867	533345	508940	579165	549619	643217	533843	525689	543686	576831	615458	596868	595956	559649	574527	625060	681726	612635	581163	584944	654054	543697	1.49672e+06	583773	684892	496709	546349	588391	560538	594206	580110	567700
90SD171-1	174205	221959	543968	413654	531487	472459	456494	484620	452352	450696	571017	530713	747780	486515	497917	461166	516244	427169	497141	478858	497368	546238	531262	481015	555850	357546	442553	474031	503715	270234	471081	564582	514320	563792	536815	561550	558472	574167	573231	613586	653091	627675	578089	581844	619595	656576	654530	559102	642100	629153	632820	572611	583773	1.47134e+06	605151	523312	575256	561872	544055	571216	611044	604760
90SD172-1	191415	231906	524843	407414	524154	461076	432991	471222	439334	437016	541053	528289	731726	472069	484215	450533	496999	414692	490681	469894	498039	549831	537569	478057	536454	341075	435028	463688	500614	260088	457480	549966	522493	587639	579020	671987	553406	555986	574454	603142	631120	630777	611214	587685	614167	658292	695829	634707	622353	627163	679697	571879	684892	605151	1.51564e+06	526819	574145	604618	574475	614479	617990	594097
90TX45-1	143868	187538	455196	361421	445455	399086	385167	404384	382838	384396	476782	446509	623119	418354	424298	388176	437460	353813	416045	403223	430410	465377	453392	409380	467428	304654	373781	399008	416504	231426	402481	470495	437028	475695	461867	495101	467849	482276	488169	518170	545189	546038	503071	511079	535808	584021	570230	479138	549364	548376	543794	492586	496709	523312	526819	1.22014e+06	508428	489839	476602	499337	518583	504832
90TX47-1	163405	214270	491574	373432	479626	438684	416703	452638	414194	413296	522611	489244	673888	450275	453317	418587	474520	388415	444901	435788	465644	519766	493864	441118	502640	336114	410757	439110	469080	246243	433983	501467	481785	532943	520396	531582	535967	610997	561722	587472	607949	599924	551770	564038	578290	627537	619931	542477	608795	691046	606490	554227	546349	575256	574145	508428	1.38501e+06	539029	523014	571145	583467	576985
90TX52-1	178945	216967	514482	392002	506205	456882	421896	460553	431982	416371	533524	492711	702794	462277	457518	434244	491989	403127	465603	447801	470547	525504	509749	465196	509447	342830	414066	454366	477256	255449	450361	549124	516518	600040	628163	579322	525865	515170	546508	575213	596642	591517	672652	548341	596332	644219	759924	609524	574396	583350	705807	542553	588391	561872	604618	489839	539029	1.45492e+06	627982	636224	605110	573491
90TX58-1	163660	207131	491935	372273	471146	428815	403961	414762	403912	404805	504766	472345	665432	427614	440730	407005	462767	380100	456233	420656	448768	495089	471350	421668	503508	315010	387273	425657	447995	241785	422342	507446	484877	561304	597043	545991	496703	500504	517069	548509	562122	579241	623183	524737	568431	602024	715419	582921	550896	559372	657190	512742	560538	544055	574475	476602	523014	627982	1.33118e+06	599977	563455	544370
90TX70-1	162219	204299	490991	378118	480582	432881	413521	448517	410126	412679	517321	485210	665789	433967	447496	406492	461389	378211	447812	420200	453084	502843	491065	435703	511513	327857	404504	430339	453883	245730	429995	500652	515603	679226	606896	592378	518951	533508	555811	604802	607526	625137	630466	552346	603368	646008	726450	613806	601562	613664	793127	553030	594206	571216	614479	499337	571145	636224	599977	1.45774e+06	619036	577923
90WI131-1	173813	231307	582620	431637	556511	501698	466175	506509	485897	465085	598509	555985	793413	502499	519085	482614	550216	447546	540372	492756	521160	576361	556258	503783	607323	363426	457383	487840	533522	272539	486619	587568	543827	592691	569810	571497	558047	581231	585421	625413	651506	644413	611574	589259	617837	675315	685071	571339	636293	635216	694564	594464	580110	611044	617990	518583	583467	605110	563455	619036	1.57863e+06	605011
90WI132-1	172332	225891	543683	411077	511550	457873	435877	462380	440271	435111	556526	514513	716558	476263	477177	440756	491743	411969	497965	475129	495045	550947	515669	462096	581390	352385	423131	466153	494420	266019	446144	541541	512574	564819	539957	553208	547208	564243	557571	602350	639312	635199	574802	578659	631529	659679	656536	564010	608152	615047	640998	552423	567700	604760	594097	504832	576985	573491	544370	577923	605011	1.44336e+06
