	12NC29	12SD80	15FL1-2	15Fl1-4	15MN10-4	15MN10-5	15MN13-4	15MN14-4	15MN15-3	15MN16-3	15MN17-5	15MN18-1	15MN18-3	15MN23-1	15MN24-1	15MN25-3	15MN27-3	15MS7-1	15ND19-2	15ND19-5	15ND20-3	15ND20-4	15NE8-4	15NE8-5	15NE9-1	15NE9-3	15OH12-3	15SD11-1	15SD11-2	15SD30-1	15SD30-3	15TX3-1	90AR100-1	90GA16-1	90KS101-1	90LA38-1	90MN137-1	90MN13B-3	90MN148-1	90MN149-2	90MN14B-1	90MN152-1	90MN153-1	90MN17B-1	90MN1B-1	90MN2B-1	90MN3B-1	90MN5B-1	90MN7B-1	90MN8B-2	90MN9B-4	90PA162-1	90SD164-1	90SD171-1	90SD172-1	90TX45-1	90TX47-1	90TX52-1	90TX58-1	90TX70-1	90WI131-1	90WI132-1
12NC29	0	1.11566	1.26596	1.27831	1.26435	1.27182	1.28012	1.28094	1.28238	1.28496	1.27484	1.26912	1.25837	1.27658	1.27712	1.28384	1.28875	1.28661	1.2746	1.27151	1.27157	1.25908	1.28184	1.27093	1.33099	1.29415	1.27524	1.27253	1.2771	1.30372	1.27315	1.25905	1.2835	1.27506	1.28619	1.27575	1.28298	1.27337	1.28002	1.29127	1.26392	1.29013	1.27766	1.28294	1.28095	1.27965	1.28094	1.28165	1.28624	1.29203	1.28293	1.28414	1.27856	1.28212	1.2706	1.29499	1.28673	1.27753	1.28383	1.29105	1.28722	1.28229
12SD80	1.11566	0	1.26286	1.28192	1.26177	1.26801	1.27533	1.27369	1.27518	1.27642	1.26617	1.25986	1.24973	1.26818	1.26343	1.27543	1.28116	1.30015	1.28363	1.26298	1.26677	1.25351	1.27187	1.27314	1.33843	1.28855	1.26788	1.26489	1.26795	1.32656	1.27406	1.25354	1.27587	1.27617	1.28157	1.27335	1.27936	1.26634	1.27517	1.27496	1.25701	1.28235	1.27187	1.27182	1.26956	1.26935	1.27883	1.28292	1.26933	1.27717	1.28004	1.2829	1.27921	1.27611	1.27182	1.28658	1.27684	1.27858	1.27886	1.28703	1.27523	1.2721
15FL1-2	1.26596	1.26286	0	1.14522	1.13215	1.12885	1.15019	1.14796	1.15945	1.15777	1.1062	1.14204	1.09559	1.14113	1.14411	1.15836	1.16355	1.16808	1.1486	1.13973	1.13989	1.12761	1.13239	1.13063	1.27925	1.16259	1.14316	1.1469	1.13592	1.20113	1.13323	1.11099	1.18265	1.18846	1.18935	1.18413	1.18715	1.17462	1.17971	1.18526	1.16881	1.17982	1.18055	1.1851	1.15825	1.16581	1.18209	1.19417	1.17468	1.1755	1.18681	1.17642	1.18914	1.17304	1.1861	1.19441	1.19114	1.18597	1.18607	1.19757	1.16396	1.17062
15Fl1-4	1.27831	1.28192	1.14522	0	1.16084	1.17255	1.17203	1.18627	1.1999	1.18343	1.16228	1.17036	1.13648	1.16746	1.17135	1.18668	1.20135	1.15832	1.1396	1.17755	1.18188	1.1456	1.16758	1.1589	1.29637	1.19769	1.17278	1.17782	1.16128	1.17957	1.16798	1.15978	1.20235	1.20847	1.21388	1.20204	1.20531	1.20398	1.20281	1.20482	1.19136	1.19607	1.20067	1.20039	1.18526	1.18469	1.19742	1.21332	1.19484	1.19922	1.20735	1.19456	1.21068	1.19616	1.20318	1.20577	1.21259	1.20729	1.2089	1.21543	1.1944	1.19536
15MN10-4	1.26435	1.26177	1.13215	1.16084	0	1.13971	1.14334	1.1405	1.16018	1.14485	1.1273	1.12775	1.0929	1.13308	1.12625	1.15281	1.15554	1.19564	1.17175	1.14296	1.14091	1.13159	1.132	1.13953	1.29999	1.17518	1.14935	1.14637	1.13374	1.24426	1.14356	1.12778	1.16505	1.16635	1.17457	1.16575	1.16346	1.15864	1.15966	1.15357	1.13809	1.15257	1.15939	1.15752	1.14238	1.14622	1.16132	1.17131	1.14414	1.15191	1.16561	1.15816	1.16617	1.15189	1.16013	1.17493	1.17213	1.16416	1.1716	1.17834	1.14871	1.16011
15MN10-5	1.27182	1.26801	1.12885	1.17255	1.13971	0	1.15575	1.15644	1.17825	1.16334	1.1209	1.15154	1.11844	1.15348	1.14765	1.16851	1.17279	1.21848	1.19284	1.15446	1.14676	1.15121	1.14011	1.15226	1.29166	1.15781	1.15965	1.15648	1.15483	1.24061	1.13968	1.13068	1.17871	1.17364	1.18041	1.17748	1.17637	1.15994	1.16988	1.17251	1.15645	1.16852	1.17339	1.16973	1.15543	1.1576	1.16331	1.18379	1.1629	1.16132	1.17525	1.16564	1.18265	1.16535	1.17589	1.18513	1.17713	1.1729	1.17789	1.18704	1.15839	1.17126
15MN13-4	1.28012	1.27533	1.15019	1.17203	1.14334	1.15575	0	1.16144	1.18163	1.17083	1.14416	1.15357	1.12998	1.1581	1.14934	1.16791	1.17788	1.20646	1.19055	1.16154	1.15372	1.15145	1.15103	1.15297	1.30565	1.18558	1.1676	1.16234	1.1602	1.24612	1.1585	1.14929	1.18559	1.18042	1.1826	1.18288	1.17603	1.16899	1.16889	1.16447	1.15915	1.15812	1.17538	1.17305	1.15602	1.1579	1.17743	1.18783	1.1654	1.16002	1.16971	1.16449	1.18232	1.16089	1.17914	1.18135	1.17739	1.18056	1.1803	1.18588	1.16485	1.17095
15MN14-4	1.28094	1.27369	1.14796	1.18627	1.1405	1.15644	1.16144	0	1.16359	1.16253	1.14119	1.14134	1.11377	1.14743	1.14192	1.16032	1.16918	1.22056	1.19356	1.15713	1.15396	1.14856	1.14442	1.15661	1.3081	1.18505	1.17361	1.15896	1.15679	1.27047	1.1528	1.14076	1.17839	1.17495	1.18899	1.19084	1.18362	1.17345	1.17384	1.17203	1.16364	1.18189	1.17804	1.1768	1.16225	1.16913	1.17241	1.19524	1.16949	1.16464	1.17857	1.17934	1.1827	1.1692	1.18051	1.19164	1.17926	1.18114	1.19602	1.18805	1.16676	1.17909
15MN15-3	1.28238	1.27518	1.15945	1.1999	1.16018	1.17825	1.18163	1.16359	0	1.17961	1.15809	1.16165	1.12434	1.16441	1.16363	1.18849	1.19588	1.23642	1.20625	1.16442	1.17012	1.17001	1.16573	1.17833	1.28909	1.19167	1.18116	1.17531	1.17054	1.27826	1.17615	1.16033	1.19809	1.19975	1.20491	1.20333	1.19535	1.19946	1.19924	1.19495	1.18372	1.19668	1.19191	1.19601	1.18336	1.18687	1.19579	1.20822	1.19357	1.1952	1.20296	1.20038	1.19599	1.19058	1.20107	1.20773	1.20426	1.20024	1.20547	1.21218	1.18149	1.1948
15MN16-3	1.28496	1.27642	1.15777	1.18343	1.14485	1.16334	1.17083	1.16253	1.17961	0	1.14986	1.1499	1.1287	1.16021	1.15422	1.16995	1.17812	1.21884	1.2004	1.16274	1.15684	1.15587	1.15957	1.16247	1.30607	1.18889	1.17764	1.16565	1.16099	1.26291	1.17254	1.15563	1.18651	1.18582	1.19029	1.18316	1.17462	1.17091	1.1656	1.16826	1.16227	1.17604	1.18254	1.17261	1.16322	1.16356	1.16889	1.19145	1.16003	1.17123	1.18466	1.17508	1.18396	1.16557	1.17779	1.1829	1.18057	1.18494	1.18081	1.18741	1.16661	1.17251
15MN17-5	1.27484	1.26617	1.1062	1.16228	1.1273	1.1209	1.14416	1.14119	1.15809	1.14986	0	1.13346	1.1005	1.13775	1.13061	1.15982	1.17928	1.18939	1.16912	1.13947	1.13435	1.12804	1.11873	1.13471	1.28555	1.14864	1.14946	1.14142	1.13347	1.22736	1.12723	1.12205	1.15804	1.15684	1.16257	1.16229	1.16069	1.14294	1.14794	1.14754	1.13873	1.14224	1.14903	1.15132	1.1328	1.13692	1.14552	1.15933	1.13977	1.13565	1.14984	1.14885	1.1578	1.13805	1.15844	1.1635	1.15547	1.1566	1.15972	1.16553	1.13436	1.14299
15MN18-1	1.26912	1.25986	1.14204	1.17036	1.12775	1.15154	1.15357	1.14134	1.16165	1.1499	1.13346	0	1.10526	1.14115	1.13534	1.1638	1.17653	1.20731	1.18859	1.14236	1.14371	1.14163	1.13939	1.1573	1.29966	1.17622	1.15807	1.14683	1.14244	1.26629	1.16137	1.142	1.16469	1.16444	1.17335	1.16553	1.15916	1.15554	1.15471	1.15239	1.14687	1.15476	1.16059	1.15398	1.143	1.14374	1.15518	1.16663	1.14968	1.14672	1.16248	1.15333	1.16777	1.14721	1.15293	1.16968	1.16197	1.16683	1.16622	1.17125	1.14381	1.15351
15MN18-3	1.25837	1.24973	1.09559	1.13648	1.0929	1.11844	1.12998	1.11377	1.12434	1.1287	1.1005	1.10526	0	1.11203	1.10393	1.12195	1.14568	1.17262	1.13833	1.11259	1.11308	1.1071	1.11232	1.12022	1.27179	1.15304	1.12493	1.11886	1.1113	1.22675	1.12433	1.10796	1.15706	1.16035	1.16399	1.15269	1.15713	1.15358	1.14816	1.1529	1.13351	1.15246	1.14688	1.14952	1.1324	1.13637	1.15279	1.16678	1.14122	1.15065	1.16054	1.15348	1.15839	1.14313	1.15395	1.1686	1.1645	1.15965	1.1625	1.17468	1.13572	1.15294
15MN23-1	1.27658	1.26818	1.14113	1.16746	1.13308	1.15348	1.1581	1.14743	1.16441	1.16021	1.13775	1.14115	1.11203	0	1.13965	1.15368	1.1545	1.20551	1.18545	1.15302	1.14836	1.14001	1.14048	1.15253	1.30509	1.18809	1.16564	1.15684	1.15336	1.25099	1.1515	1.13553	1.17842	1.18235	1.18585	1.18728	1.18136	1.17438	1.17474	1.17533	1.1667	1.17839	1.17718	1.18015	1.16405	1.17057	1.17912	1.18993	1.17165	1.17758	1.18483	1.17811	1.18369	1.17199	1.18368	1.18679	1.18424	1.18381	1.19211	1.19942	1.17275	1.17509
15MN24-1	1.27712	1.26343	1.14411	1.17135	1.12625	1.14765	1.14934	1.14192	1.16363	1.15422	1.13061	1.13534	1.10393	1.13965	0	1.15518	1.17277	1.20495	1.1785	1.14604	1.14291	1.13879	1.13744	1.15041	1.30431	1.17942	1.15905	1.14605	1.14548	1.25762	1.15935	1.14318	1.17587	1.17147	1.1787	1.1751	1.17004	1.16269	1.16687	1.16448	1.15443	1.16398	1.16739	1.16646	1.15467	1.15447	1.16962	1.17998	1.15819	1.15218	1.17284	1.16644	1.17406	1.15736	1.16924	1.17555	1.17481	1.17884	1.177	1.18474	1.15551	1.16657
15MN25-3	1.28384	1.27543	1.15836	1.18668	1.15281	1.16851	1.16791	1.16032	1.18849	1.16995	1.15982	1.1638	1.12195	1.15368	1.15518	0	1.13138	1.22562	1.20486	1.17748	1.16354	1.16515	1.16638	1.15885	1.30417	1.20403	1.17559	1.17813	1.1656	1.26605	1.16236	1.1426	1.19995	1.19903	1.20405	1.19853	1.19976	1.19905	1.19696	1.19216	1.18097	1.18862	1.1991	1.19767	1.1825	1.18428	1.19533	1.2063	1.18877	1.19812	1.19813	1.19626	1.20311	1.18654	1.19585	1.20528	1.20252	1.19971	1.20441	1.21476	1.18396	1.19525
15MN27-3	1.28875	1.28116	1.16355	1.20135	1.15554	1.17279	1.17788	1.16918	1.19588	1.17812	1.17928	1.17653	1.14568	1.1545	1.17277	1.13138	0	1.23872	1.21282	1.18395	1.17108	1.17062	1.16779	1.17604	1.30789	1.22456	1.19369	1.1967	1.18735	1.28194	1.17244	1.13314	1.21699	1.22203	1.22963	1.2217	1.21838	1.22176	1.21247	1.21373	1.20734	1.2131	1.21964	1.21536	1.20377	1.20635	1.21886	1.22688	1.20948	1.21701	1.22586	1.21395	1.22209	1.21239	1.22359	1.22748	1.22384	1.22146	1.22492	1.23451	1.20605	1.22073
15MS7-1	1.28661	1.30015	1.16808	1.15832	1.19564	1.21848	1.20646	1.22056	1.23642	1.21884	1.18939	1.20731	1.17262	1.20551	1.20495	1.22562	1.23872	0	1.04778	1.22647	1.21643	1.1499	1.19711	1.16892	1.29928	1.23427	1.20867	1.20717	1.17329	1.08018	1.19588	1.18842	1.24535	1.24801	1.25398	1.24699	1.23822	1.23945	1.23816	1.23457	1.23229	1.24084	1.24206	1.23854	1.22828	1.23351	1.24138	1.25006	1.23725	1.23807	1.24541	1.23539	1.24282	1.23496	1.2433	1.25223	1.24698	1.24472	1.2473	1.25602	1.23275	1.24
15ND19-2	1.2746	1.28363	1.1486	1.1396	1.17175	1.19284	1.19055	1.19356	1.20625	1.2004	1.16912	1.18859	1.13833	1.18545	1.1785	1.20486	1.21282	1.04778	0	1.19079	1.18622	1.11896	1.18173	1.14896	1.30667	1.21956	1.19342	1.19399	1.15732	1.09753	1.17819	1.16806	1.22641	1.22788	1.23331	1.23305	1.223	1.22457	1.22384	1.2268	1.21336	1.2231	1.2219	1.226	1.21277	1.21713	1.22911	1.23353	1.22045	1.22628	1.23172	1.22062	1.22936	1.22126	1.22698	1.23801	1.23731	1.23331	1.22856	1.24089	1.21094	1.2189
15ND19-5	1.27151	1.26298	1.13973	1.17755	1.14296	1.15446	1.16154	1.15713	1.16442	1.16274	1.13947	1.14236	1.11259	1.15302	1.14604	1.17748	1.18395	1.22647	1.19079	0	1.14854	1.1244	1.14466	1.15028	1.3041	1.17947	1.16027	1.1438	1.1509	1.2625	1.16002	1.14221	1.17536	1.17733	1.17956	1.16714	1.16539	1.16819	1.16686	1.17057	1.15809	1.16457	1.16818	1.17007	1.15335	1.16203	1.16897	1.18361	1.15697	1.16247	1.1775	1.16591	1.17143	1.15826	1.16765	1.17948	1.17576	1.17508	1.17979	1.19144	1.16013	1.15776
15ND20-3	1.27157	1.26677	1.13989	1.18188	1.14091	1.14676	1.15372	1.15396	1.17012	1.15684	1.13435	1.14371	1.11308	1.14836	1.14291	1.16354	1.17108	1.21643	1.18622	1.14854	0	1.1448	1.1454	1.15506	1.2992	1.18631	1.16264	1.15763	1.14983	1.25585	1.15373	1.14144	1.17439	1.17178	1.1805	1.18114	1.17533	1.16402	1.16447	1.16223	1.15393	1.16056	1.16997	1.16348	1.15411	1.1589	1.16656	1.18242	1.16057	1.16072	1.1678	1.16709	1.17396	1.16191	1.16565	1.17573	1.17167	1.17543	1.1762	1.18539	1.15866	1.16053
15ND20-4	1.25908	1.25351	1.12761	1.1456	1.13159	1.15121	1.15145	1.14856	1.17001	1.15587	1.12804	1.14163	1.1071	1.14001	1.13879	1.16515	1.17062	1.1499	1.11896	1.1244	1.1448	0	1.13611	1.12771	1.29541	1.17849	1.1552	1.14909	1.13227	1.19277	1.14619	1.13427	1.16812	1.169	1.17622	1.16347	1.1644	1.16082	1.16044	1.16431	1.14753	1.15749	1.16412	1.16049	1.14171	1.15543	1.16673	1.18223	1.14745	1.15819	1.17066	1.15899	1.16566	1.16032	1.16264	1.17833	1.16573	1.16945	1.17352	1.1813	1.15505	1.15514
15NE8-4	1.28184	1.27187	1.13239	1.16758	1.132	1.14011	1.15103	1.14442	1.16573	1.15957	1.11873	1.13939	1.11232	1.14048	1.13744	1.16638	1.16779	1.19711	1.18173	1.14466	1.1454	1.13611	0	1.12921	1.29453	1.16558	1.15904	1.14444	1.13637	1.24384	1.14634	1.13524	1.16712	1.16507	1.17075	1.16138	1.15517	1.15785	1.16033	1.1544	1.14577	1.15294	1.16178	1.15331	1.13648	1.14067	1.1547	1.17466	1.14142	1.14897	1.16141	1.15682	1.15853	1.15039	1.15128	1.16872	1.16263	1.16066	1.16999	1.17118	1.14719	1.15625
15NE8-5	1.27093	1.27314	1.13063	1.1589	1.13953	1.15226	1.15297	1.15661	1.17833	1.16247	1.13471	1.1573	1.12022	1.15253	1.15041	1.15885	1.17604	1.16892	1.14896	1.15028	1.15506	1.12771	1.12921	0	1.28867	1.17961	1.16456	1.15507	1.14223	1.19674	1.13913	1.13281	1.18486	1.17708	1.18719	1.18482	1.17426	1.17229	1.16798	1.17251	1.15934	1.16705	1.17626	1.17714	1.15864	1.15957	1.17212	1.18536	1.1616	1.17067	1.17923	1.17082	1.18405	1.16651	1.17219	1.1843	1.18143	1.174	1.18779	1.19091	1.16346	1.17472
15NE9-1	1.33099	1.33843	1.27925	1.29637	1.29999	1.29166	1.30565	1.3081	1.28909	1.30607	1.28555	1.29966	1.27179	1.30509	1.30431	1.30417	1.30789	1.29928	1.30667	1.3041	1.2992	1.29541	1.29453	1.28867	0	1.2805	1.2931	1.27889	1.29683	1.26874	1.28958	1.28173	1.31708	1.31215	1.31866	1.31989	1.31512	1.30833	1.309	1.3152	1.301	1.31272	1.31397	1.31091	1.30964	1.31009	1.31348	1.32292	1.31378	1.31331	1.31332	1.31024	1.31777	1.31118	1.31643	1.31935	1.31844	1.31954	1.31627	1.31924	1.30529	1.30516
15NE9-3	1.29415	1.28855	1.16259	1.19769	1.17518	1.15781	1.18558	1.18505	1.19167	1.18889	1.14864	1.17622	1.15304	1.18809	1.17942	1.20403	1.22456	1.23427	1.21956	1.17947	1.18631	1.17849	1.16558	1.17961	1.2805	0	1.17611	1.17316	1.18003	1.2459	1.17598	1.16558	1.19861	1.19118	1.19474	1.19641	1.19263	1.17593	1.18573	1.19012	1.17643	1.19271	1.18638	1.19089	1.16879	1.1697	1.18482	1.20078	1.17891	1.17508	1.19337	1.19014	1.19033	1.17656	1.19218	1.19327	1.18466	1.18588	1.1957	1.19699	1.18144	1.17784
15OH12-3	1.27524	1.26788	1.14316	1.17278	1.14935	1.15965	1.1676	1.17361	1.18116	1.17764	1.14946	1.15807	1.12493	1.16564	1.15905	1.17559	1.19369	1.20867	1.19342	1.16027	1.16264	1.1552	1.15904	1.16456	1.2931	1.17611	0	1.16245	1.16398	1.23833	1.1749	1.15217	1.18955	1.19213	1.19279	1.18361	1.18553	1.17215	1.17973	1.184	1.17548	1.17018	1.18315	1.18651	1.16579	1.16641	1.18366	1.19225	1.16794	1.17225	1.18766	1.1722	1.19047	1.17171	1.1801	1.19096	1.18325	1.18742	1.19292	1.19337	1.1723	1.18095
15SD11-1	1.27253	1.26489	1.1469	1.17782	1.14637	1.15648	1.16234	1.15896	1.17531	1.16565	1.14142	1.14683	1.11886	1.15684	1.14605	1.17813	1.1967	1.20717	1.19399	1.1438	1.15763	1.14909	1.14444	1.15507	1.27889	1.17316	1.16245	0	1.14918	1.24515	1.16826	1.15539	1.17381	1.17194	1.17623	1.16566	1.16293	1.15639	1.1598	1.15886	1.14616	1.15646	1.16083	1.15871	1.14862	1.14463	1.15359	1.1737	1.15108	1.15404	1.16675	1.15557	1.16394	1.15357	1.16403	1.17532	1.16662	1.16399	1.16969	1.17881	1.15544	1.15564
15SD11-2	1.2771	1.26795	1.13592	1.16128	1.13374	1.15483	1.1602	1.15679	1.17054	1.16099	1.13347	1.14244	1.1113	1.15336	1.14548	1.1656	1.18735	1.17329	1.15732	1.1509	1.14983	1.13227	1.13637	1.14223	1.29683	1.18003	1.16398	1.14918	0	1.21731	1.15762	1.14411	1.16892	1.17528	1.17843	1.17269	1.16821	1.16478	1.17024	1.15911	1.1474	1.16121	1.16869	1.17057	1.14585	1.15198	1.16495	1.17759	1.15131	1.15827	1.17692	1.16361	1.17026	1.15836	1.16425	1.18421	1.16972	1.17169	1.17668	1.18497	1.15194	1.16091
15SD30-1	1.30372	1.32656	1.20113	1.17957	1.24426	1.24061	1.24612	1.27047	1.27826	1.26291	1.22736	1.26629	1.22675	1.25099	1.25762	1.26605	1.28194	1.08018	1.09753	1.2625	1.25585	1.19277	1.24384	1.19674	1.26874	1.2459	1.23833	1.24515	1.21731	0	1.21844	1.22459	1.27247	1.27334	1.27382	1.27627	1.26961	1.26762	1.26803	1.27139	1.26389	1.26422	1.26899	1.27084	1.26316	1.26271	1.2673	1.28341	1.26457	1.26489	1.26579	1.26545	1.27578	1.26376	1.27197	1.27322	1.27341	1.27161	1.27318	1.27746	1.26795	1.26473
15SD30-3	1.27315	1.27406	1.13323	1.16798	1.14356	1.13968	1.1585	1.1528	1.17615	1.17254	1.12723	1.16137	1.12433	1.1515	1.15935	1.16236	1.17244	1.19588	1.17819	1.16002	1.15373	1.14619	1.14634	1.13913	1.28958	1.17598	1.1749	1.16826	1.15762	1.21844	0	1.13089	1.18567	1.17781	1.18644	1.18947	1.17985	1.17357	1.17905	1.17586	1.16047	1.17765	1.17873	1.17455	1.16357	1.16672	1.17672	1.19289	1.17157	1.17377	1.17792	1.18148	1.18592	1.17058	1.18214	1.18709	1.18408	1.18092	1.18594	1.19269	1.17132	1.18231
15TX3-1	1.25905	1.25354	1.11099	1.15978	1.12778	1.13068	1.14929	1.14076	1.16033	1.15563	1.12205	1.142	1.10796	1.13553	1.14318	1.1426	1.13314	1.18842	1.16806	1.14221	1.14144	1.13427	1.13524	1.13281	1.28173	1.16558	1.15217	1.15539	1.14411	1.22459	1.13089	0	1.18328	1.18581	1.18668	1.18868	1.18224	1.18251	1.17654	1.18445	1.16979	1.1841	1.18018	1.18466	1.16473	1.16726	1.18121	1.19268	1.17263	1.18184	1.19277	1.18066	1.19087	1.17422	1.18481	1.19646	1.19637	1.18	1.1887	1.20273	1.17297	1.18254
90AR100-1	1.2835	1.27587	1.18265	1.20235	1.16505	1.17871	1.18559	1.17839	1.19809	1.18651	1.15804	1.16469	1.15706	1.17842	1.17587	1.19995	1.21699	1.24535	1.22641	1.17536	1.17439	1.16812	1.16712	1.18486	1.31708	1.19861	1.18955	1.17381	1.16892	1.27247	1.18567	1.18328	0	1.13003	1.1203	1.1228	1.14224	1.1363	1.13748	1.11818	1.12978	1.11429	1.11476	1.12064	1.10972	1.11416	1.10057	1.13068	1.11857	1.12435	1.11313	1.1311	1.12985	1.12367	1.12336	1.14541	1.13493	1.12041	1.12657	1.12131	1.11682	1.12163
90GA16-1	1.27506	1.27617	1.18846	1.20847	1.16635	1.17364	1.18042	1.17495	1.19975	1.18582	1.15684	1.16444	1.16035	1.18235	1.17147	1.19903	1.22203	1.24801	1.22788	1.17733	1.17178	1.169	1.16507	1.17708	1.31215	1.19118	1.19213	1.17194	1.17528	1.27334	1.17781	1.18581	1.13003	0	1.08605	1.10393	1.12572	1.11834	1.11204	1.09538	1.10796	1.08653	1.08633	1.1113	1.10416	1.10046	1.06315	1.10518	1.10668	1.10622	1.03013	1.10742	1.10255	1.109	1.0996	1.13422	1.11789	1.08432	1.09267	1.03339	1.10381	1.10501
90KS101-1	1.28619	1.28157	1.18935	1.21388	1.17457	1.18041	1.1826	1.18899	1.20491	1.19029	1.16257	1.17335	1.16399	1.18585	1.1787	1.20405	1.22963	1.25398	1.23331	1.17956	1.1805	1.17622	1.17075	1.18719	1.31866	1.19474	1.19279	1.17623	1.17843	1.27382	1.18644	1.18668	1.1203	1.08605	0	1.10676	1.12455	1.12867	1.1275	1.11532	1.1204	1.0995	1.06338	1.11985	1.10994	1.10958	1.03543	1.1036	1.1181	1.11193	1.05892	1.1174	1.11075	1.11588	1.09446	1.1344	1.11616	1.05441	1.05708	1.06896	1.10748	1.11061
90LA38-1	1.27575	1.27335	1.18413	1.20204	1.16575	1.17748	1.18288	1.19084	1.20333	1.18316	1.16229	1.16553	1.15269	1.18728	1.1751	1.19853	1.2217	1.24699	1.23305	1.16714	1.18114	1.16347	1.16138	1.18482	1.31989	1.19641	1.18361	1.16566	1.17269	1.27627	1.18947	1.18868	1.1228	1.10393	1.10676	0	1.12111	1.12223	1.12401	1.11274	1.11191	1.09321	1.09401	1.11134	1.10656	1.10423	1.07495	1.09913	1.1004	1.10373	1.08594	1.11777	1.0533	1.10265	1.03703	1.11391	1.11126	1.08925	1.09473	1.08118	1.10885	1.10455
90MN137-1	1.28298	1.27936	1.18715	1.20531	1.16346	1.17637	1.17603	1.18362	1.19535	1.17462	1.16069	1.15916	1.15713	1.18136	1.17004	1.19976	1.21838	1.23822	1.223	1.16539	1.17533	1.1644	1.15517	1.17426	1.31512	1.19263	1.18553	1.16293	1.16821	1.26961	1.17985	1.18224	1.14224	1.12572	1.12455	1.12111	0	1.11523	1.11424	1.10255	1.10521	1.09698	1.12192	1.10394	1.10481	1.10867	1.1049	1.13549	1.10185	1.10465	1.11732	1.10937	1.12016	1.10168	1.11009	1.12989	1.10554	1.12046	1.12462	1.12514	1.11421	1.1055
90MN13B-3	1.27337	1.26634	1.17462	1.20398	1.15864	1.15994	1.16899	1.17345	1.19946	1.17091	1.14294	1.15554	1.15358	1.17438	1.16269	1.19905	1.22176	1.23945	1.22457	1.16819	1.16402	1.16082	1.15785	1.17229	1.30833	1.17593	1.17215	1.15639	1.16478	1.26762	1.17357	1.18251	1.1363	1.11834	1.12867	1.12223	1.11523	0	1.10397	1.08979	1.08727	1.08817	1.11447	1.09981	1.10256	1.09868	1.09917	1.1312	1.09371	1.02723	1.10829	1.09964	1.1231	1.08918	1.1062	1.1178	1.05239	1.12508	1.11995	1.11374	1.09763	1.09209
90MN148-1	1.28002	1.27517	1.17971	1.20281	1.15966	1.16988	1.16889	1.17384	1.19924	1.1656	1.14794	1.15471	1.14816	1.17474	1.16687	1.19696	1.21247	1.23816	1.22384	1.16686	1.16447	1.16044	1.16033	1.16798	1.309	1.18573	1.17973	1.1598	1.17024	1.26803	1.17905	1.17654	1.13748	1.11204	1.1275	1.12401	1.11424	1.10397	0	1.09893	1.09777	1.09338	1.12011	1.10433	1.10634	1.10391	1.10231	1.13784	1.10036	1.08725	1.10888	1.11212	1.12511	1.10423	1.10868	1.12691	1.10069	1.11872	1.12235	1.11334	1.10919	1.11055
90MN149-2	1.29127	1.27496	1.18526	1.20482	1.15357	1.17251	1.16447	1.17203	1.19495	1.16826	1.14754	1.15239	1.1529	1.17533	1.16448	1.19216	1.21373	1.23457	1.2268	1.17057	1.16223	1.16431	1.1544	1.17251	1.3152	1.19012	1.184	1.15886	1.15911	1.27139	1.17586	1.18445	1.11818	1.09538	1.11532	1.11274	1.10255	1.08979	1.09893	0	1.09332	1.06184	1.11449	1.09638	1.09648	1.09515	1.09241	1.12952	1.08609	1.08287	1.0885	1.09049	1.11454	1.08949	1.10118	1.11627	1.0944	1.11065	1.11172	1.09312	1.09544	1.09279
90MN14B-1	1.26392	1.25701	1.16881	1.19136	1.13809	1.15645	1.15915	1.16364	1.18372	1.16227	1.13873	1.14687	1.13351	1.1667	1.15443	1.18097	1.20734	1.23229	1.21336	1.15809	1.15393	1.14753	1.14577	1.15934	1.301	1.17643	1.17548	1.14616	1.1474	1.26389	1.16047	1.16979	1.12978	1.10796	1.1204	1.11191	1.10521	1.08727	1.09777	1.09332	0	1.0827	1.11903	1.09597	1.09359	1.08879	1.09868	1.13112	1.04313	1.08855	1.10269	1.1033	1.10754	1.08274	1.10088	1.11412	1.09813	1.11337	1.1185	1.10747	1.09676	1.08718
90MN152-1	1.29013	1.28235	1.17982	1.19607	1.15257	1.16852	1.15812	1.18189	1.19668	1.17604	1.14224	1.15476	1.15246	1.17839	1.16398	1.18862	1.2131	1.24084	1.2231	1.16457	1.16056	1.15749	1.15294	1.16705	1.31272	1.19271	1.17018	1.15646	1.16121	1.26422	1.17765	1.1841	1.11429	1.08653	1.0995	1.09321	1.09698	1.08817	1.09338	1.06184	1.0827	0	1.09048	1.08897	1.06982	1.07456	1.07448	1.11034	1.067	1.06325	1.06902	1.07565	1.09899	1.07691	1.08075	1.09421	1.0827	1.09713	1.08848	1.07668	1.08036	1.0684
90MN153-1	1.27766	1.27187	1.18055	1.20067	1.15939	1.17339	1.17538	1.17804	1.19191	1.18254	1.14903	1.16059	1.14688	1.17718	1.16739	1.1991	1.21964	1.24206	1.2219	1.16818	1.16997	1.16412	1.16178	1.17626	1.31397	1.18638	1.18315	1.16083	1.16869	1.26899	1.17873	1.18018	1.11476	1.08633	1.06338	1.09401	1.12192	1.11447	1.12011	1.11449	1.11903	1.09048	0	1.1173	1.10415	1.09858	1.03017	1.10153	1.11297	1.10959	1.06759	1.10961	1.0995	1.10726	1.09257	1.12266	1.11292	1.04611	1.05963	1.0733	1.09977	1.10589
90MN17B-1	1.28294	1.27182	1.1851	1.20039	1.15752	1.16973	1.17305	1.1768	1.19601	1.17261	1.15132	1.15398	1.14952	1.18015	1.16646	1.19767	1.21536	1.23854	1.226	1.17007	1.16348	1.16049	1.15331	1.17714	1.31091	1.19089	1.18651	1.15871	1.17057	1.27084	1.17455	1.18466	1.12064	1.1113	1.11985	1.11134	1.10394	1.09981	1.10433	1.09638	1.09597	1.08897	1.1173	0	1.09889	1.09426	1.09792	1.13353	1.08758	1.08614	1.10284	1.10273	1.11255	1.09578	1.09754	1.10863	1.09609	1.11468	1.11453	1.11253	1.10387	1.09428
90MN1B-1	1.28095	1.26956	1.15825	1.18526	1.14238	1.15543	1.15602	1.16225	1.18336	1.16322	1.1328	1.143	1.1324	1.16405	1.15467	1.1825	1.20377	1.22828	1.21277	1.15335	1.15411	1.14171	1.13648	1.15864	1.30964	1.16879	1.16579	1.14862	1.14585	1.26316	1.16357	1.16473	1.10972	1.10416	1.10994	1.10656	1.10481	1.10256	1.10634	1.09648	1.09359	1.06982	1.10415	1.09889	0	1.02818	1.08251	1.12081	1.08759	1.08339	1.08522	1.09851	1.11653	1.08653	1.09531	1.10537	1.10078	1.09858	1.09984	1.09467	1.10052	1.07551
90MN2B-1	1.27965	1.26935	1.16581	1.18469	1.14622	1.1576	1.1579	1.16913	1.18687	1.16356	1.13692	1.14374	1.13637	1.17057	1.15447	1.18428	1.20635	1.23351	1.21713	1.16203	1.1589	1.15543	1.14067	1.15957	1.31009	1.1697	1.16641	1.14463	1.15198	1.26271	1.16672	1.16726	1.11416	1.10046	1.10958	1.10423	1.10867	1.09868	1.10391	1.09515	1.08879	1.07456	1.09858	1.09426	1.02818	0	1.07867	1.11887	1.08274	1.08298	1.08628	1.09452	1.11022	1.08948	1.094	1.09811	1.09502	1.09443	1.10284	1.09377	1.0921	1.08408
90MN3B-1	1.28094	1.27883	1.18209	1.19742	1.16132	1.16331	1.17743	1.17241	1.19579	1.16889	1.14552	1.15518	1.15279	1.17912	1.16962	1.19533	1.21886	1.24138	1.22911	1.16897	1.16656	1.16673	1.1547	1.17212	1.31348	1.18482	1.18366	1.15359	1.16495	1.2673	1.17672	1.18121	1.10057	1.06315	1.03543	1.07495	1.1049	1.09917	1.10231	1.09241	1.09868	1.07448	1.03017	1.09792	1.08251	1.07867	0	1.08003	1.08878	1.0853	1.03474	1.09165	1.07628	1.08858	1.07068	1.10468	1.09745	1.02394	1.03125	1.04463	1.08466	1.08381
90MN5B-1	1.28165	1.28292	1.19417	1.21332	1.17131	1.18379	1.18783	1.19524	1.20822	1.19145	1.15933	1.16663	1.16678	1.18993	1.17998	1.2063	1.22688	1.25006	1.23353	1.18361	1.18242	1.18223	1.17466	1.18536	1.32292	1.20078	1.19225	1.1737	1.17759	1.28341	1.19289	1.19268	1.13068	1.10518	1.1036	1.09913	1.13549	1.1312	1.13784	1.12952	1.13112	1.11034	1.10153	1.13353	1.12081	1.11887	1.08003	0	1.12599	1.11807	1.07828	1.13791	1.10131	1.12938	1.0907	1.14813	1.12936	1.09805	1.09812	1.09586	1.13369	1.12343
90MN7B-1	1.28624	1.26933	1.17468	1.19484	1.14414	1.1629	1.1654	1.16949	1.19357	1.16003	1.13977	1.14968	1.14122	1.17165	1.15819	1.18877	1.20948	1.23725	1.22045	1.15697	1.16057	1.14745	1.14142	1.1616	1.31378	1.17891	1.16794	1.15108	1.15131	1.26457	1.17157	1.17263	1.11857	1.10668	1.1181	1.1004	1.10185	1.09371	1.10036	1.08609	1.04313	1.067	1.11297	1.08758	1.08759	1.08274	1.08878	1.12599	0	1.07249	1.09741	1.08964	1.11321	1.07343	1.09107	1.09705	1.08239	1.11238	1.11146	1.0964	1.0904	1.09057
90MN8B-2	1.29203	1.27717	1.1755	1.19922	1.15191	1.16132	1.16002	1.16464	1.1952	1.17123	1.13565	1.14672	1.15065	1.17758	1.15218	1.19812	1.21701	1.23807	1.22628	1.16247	1.16072	1.15819	1.14897	1.17067	1.31331	1.17508	1.17225	1.15404	1.15827	1.26489	1.17377	1.18184	1.12435	1.10622	1.11193	1.10373	1.10465	1.02723	1.08725	1.08287	1.08855	1.06325	1.10959	1.08614	1.08339	1.08298	1.0853	1.11807	1.07249	0	1.0906	1.08597	1.11011	1.08038	1.08724	1.09678	1.02822	1.10612	1.10526	1.08809	1.09008	1.08538
90MN9B-4	1.28293	1.28004	1.18681	1.20735	1.16561	1.17525	1.16971	1.17857	1.20296	1.18466	1.14984	1.16248	1.16054	1.18483	1.17284	1.19813	1.22586	1.24541	1.23172	1.1775	1.1678	1.17066	1.16141	1.17923	1.31332	1.19337	1.18766	1.16675	1.17692	1.26579	1.17792	1.19277	1.11313	1.03013	1.05892	1.08594	1.11732	1.10829	1.10888	1.0885	1.10269	1.06902	1.06759	1.10284	1.08522	1.08628	1.03474	1.07828	1.09741	1.0906	0	1.09294	1.08771	1.09674	1.07536	1.11704	1.10116	1.05162	1.06285	0.998123	1.07486	1.08846
90PA162-1	1.28414	1.2829	1.17642	1.19456	1.15816	1.16564	1.16449	1.17934	1.20038	1.17508	1.14885	1.15333	1.15348	1.17811	1.16644	1.19626	1.21395	1.23539	1.22062	1.16591	1.16709	1.15899	1.15682	1.17082	1.31024	1.19014	1.1722	1.15557	1.16361	1.26545	1.18148	1.18066	1.1311	1.10742	1.1174	1.11777	1.10937	1.09964	1.11212	1.09049	1.1033	1.07565	1.10961	1.10273	1.09851	1.09452	1.09165	1.13791	1.08964	1.08597	1.09294	0	1.11321	1.09174	1.09764	1.11204	1.09263	1.10906	1.11322	1.10268	1.0909	1.1013
90SD164-1	1.27856	1.27921	1.18914	1.21068	1.16617	1.18265	1.18232	1.1827	1.19599	1.18396	1.1578	1.16777	1.15839	1.18369	1.17406	1.20311	1.22209	1.24282	1.22936	1.17143	1.17396	1.16566	1.15853	1.18405	1.31777	1.19033	1.19047	1.16394	1.17026	1.27578	1.18592	1.19087	1.12985	1.10255	1.11075	1.0533	1.12016	1.1231	1.12511	1.11454	1.10754	1.09899	1.0995	1.11255	1.11653	1.11022	1.07628	1.10131	1.11321	1.11011	1.08771	1.11321	0	1.10147	1.04429	1.12467	1.11403	1.09661	1.09808	1.09336	1.11589	1.10793
90SD171-1	1.28212	1.27611	1.17304	1.19616	1.15189	1.16535	1.16089	1.1692	1.19058	1.16557	1.13805	1.14721	1.14313	1.17199	1.15736	1.18654	1.21239	1.23496	1.22126	1.15826	1.16191	1.16032	1.15039	1.16651	1.31118	1.17656	1.17171	1.15357	1.15836	1.26376	1.17058	1.17422	1.12367	1.109	1.11588	1.10265	1.10168	1.08918	1.10423	1.08949	1.08274	1.07691	1.10726	1.09578	1.08653	1.08948	1.08858	1.12938	1.07343	1.08038	1.09674	1.09174	1.10147	0	1.09065	1.10402	1.09273	1.10993	1.10567	1.1045	1.09459	1.08167
90SD172-1	1.2706	1.27182	1.1861	1.20318	1.16013	1.17589	1.17914	1.18051	1.20107	1.17779	1.15844	1.15293	1.15395	1.18368	1.16924	1.19585	1.22359	1.2433	1.22698	1.16765	1.16565	1.16264	1.15128	1.17219	1.31643	1.19218	1.1801	1.16403	1.16425	1.27197	1.18214	1.18481	1.12336	1.0996	1.09446	1.03703	1.11009	1.1062	1.10868	1.10118	1.10088	1.08075	1.09257	1.09754	1.09531	1.094	1.07068	1.0907	1.09107	1.08724	1.07536	1.09764	1.04429	1.09065	0	1.10689	1.09884	1.08889	1.09138	1.08314	1.09588	1.09392
90TX45-1	1.29499	1.28658	1.19441	1.20577	1.17493	1.18513	1.18135	1.19164	1.20773	1.1829	1.1635	1.16968	1.1686	1.18679	1.17555	1.20528	1.22748	1.25223	1.23801	1.17948	1.17573	1.17833	1.16872	1.1843	1.31935	1.19327	1.19096	1.17532	1.18421	1.27322	1.18709	1.19646	1.14541	1.13422	1.1344	1.11391	1.12989	1.1178	1.12691	1.11627	1.11412	1.09421	1.12266	1.10863	1.10537	1.09811	1.10468	1.14813	1.09705	1.09678	1.11704	1.11204	1.12467	1.10402	1.10689	0	1.10353	1.12459	1.11896	1.11856	1.11924	1.11318
90TX47-1	1.28673	1.27684	1.19114	1.21259	1.17213	1.17713	1.17739	1.17926	1.20426	1.18057	1.15547	1.16197	1.1645	1.18424	1.17481	1.20252	1.22384	1.24698	1.23731	1.17576	1.17167	1.16573	1.16263	1.18143	1.31844	1.18466	1.18325	1.16662	1.16972	1.27341	1.18408	1.19637	1.13493	1.11789	1.11616	1.11126	1.10554	1.05239	1.10069	1.0944	1.09813	1.0827	1.11292	1.09609	1.10078	1.09502	1.09745	1.12936	1.08239	1.02822	1.10116	1.09263	1.11403	1.09273	1.09884	1.10353	0	1.1138	1.10889	1.09366	1.10037	1.08804
90TX52-1	1.27753	1.27858	1.18597	1.20729	1.16416	1.1729	1.18056	1.18114	1.20024	1.18494	1.1566	1.16683	1.15965	1.18381	1.17884	1.19971	1.22146	1.24472	1.23331	1.17508	1.17543	1.16945	1.16066	1.174	1.31954	1.18588	1.18742	1.16399	1.17169	1.27161	1.18092	1.18	1.12041	1.08432	1.05441	1.08925	1.12046	1.12508	1.11872	1.11065	1.11337	1.09713	1.04611	1.11468	1.09858	1.09443	1.02394	1.09805	1.11238	1.10612	1.05162	1.10906	1.09661	1.10993	1.08889	1.12459	1.1138	0	1.04762	1.06126	1.09611	1.09932
90TX58-1	1.28383	1.27886	1.18607	1.2089	1.1716	1.17789	1.1803	1.19602	1.20547	1.18081	1.15972	1.16622	1.1625	1.19211	1.177	1.20441	1.22492	1.2473	1.22856	1.17979	1.1762	1.17352	1.16999	1.18779	1.31627	1.1957	1.19292	1.16969	1.17668	1.27318	1.18594	1.1887	1.12657	1.09267	1.05708	1.09473	1.12462	1.11995	1.12235	1.11172	1.1185	1.08848	1.05963	1.11453	1.09984	1.10284	1.03125	1.09812	1.11146	1.10526	1.06285	1.11322	1.09808	1.10567	1.09138	1.11896	1.10889	1.04762	0	1.06705	1.10572	1.10207
90TX70-1	1.29105	1.28703	1.19757	1.21543	1.17834	1.18704	1.18588	1.18805	1.21218	1.18741	1.16553	1.17125	1.17468	1.19942	1.18474	1.21476	1.23451	1.25602	1.24089	1.19144	1.18539	1.1813	1.17118	1.19091	1.31924	1.19699	1.19337	1.17881	1.18497	1.27746	1.19269	1.20273	1.12131	1.03339	1.06896	1.08118	1.12514	1.11374	1.11334	1.09312	1.10747	1.07668	1.0733	1.11253	1.09467	1.09377	1.04463	1.09586	1.0964	1.08809	0.998123	1.10268	1.09336	1.1045	1.08314	1.11856	1.09366	1.06126	1.06705	0	1.08805	1.09689
90WI131-1	1.28722	1.27523	1.16396	1.1944	1.14871	1.15839	1.16485	1.16676	1.18149	1.16661	1.13436	1.14381	1.13572	1.17275	1.15551	1.18396	1.20605	1.23275	1.21094	1.16013	1.15866	1.15505	1.14719	1.16346	1.30529	1.18144	1.1723	1.15544	1.15194	1.26795	1.17132	1.17297	1.11682	1.10381	1.10748	1.10885	1.11421	1.09763	1.10919	1.09544	1.09676	1.08036	1.09977	1.10387	1.10052	1.0921	1.08466	1.13369	1.0904	1.09008	1.07486	1.0909	1.11589	1.09459	1.09588	1.11924	1.10037	1.09611	1.10572	1.08805	0	1.09471
90WI132-1	1.28229	1.2721	1.17062	1.19536	1.16011	1.17126	1.17095	1.17909	1.1948	1.17251	1.14299	1.15351	1.15294	1.17509	1.16657	1.19525	1.22073	1.24	1.2189	1.15776	1.16053	1.15514	1.15625	1.17472	1.30516	1.17784	1.18095	1.15564	1.16091	1.26473	1.18231	1.18254	1.12163	1.10501	1.11061	1.10455	1.1055	1.09209	1.11055	1.09279	1.08718	1.0684	1.10589	1.09428	1.07551	1.08408	1.08381	1.12343	1.09057	1.08538	1.08846	1.1013	1.10793	1.08167	1.09392	1.11318	1.08804	1.09932	1.10207	1.09689	1.09471	0
