	12NC29	12SD80	15FL1-2	15Fl1-4	15MN10-4	15MN10-5	15MN13-4	15MN14-4	15MN15-3	15MN16-3	15MN17-5	15MN18-1	15MN18-3	15MN23-1	15MN24-1	15MN25-3	15MN27-3	15MS7-1	15ND19-2	15ND19-5	15ND20-3	15ND20-4	15NE8-4	15NE8-5	15NE9-1	15NE9-3	15OH12-3	15SD11-1	15SD11-2	15SD30-1	15SD30-3	15TX3-1
12NC29	0	1.16643	1.29205	1.30346	1.28996	1.2968	1.30268	1.3029	1.30893	1.3043	1.2957	1.29318	1.2858	1.30058	1.30096	1.3086	1.31689	1.3094	1.30245	1.29593	1.29521	1.29116	1.30089	1.29544	1.35593	1.31481	1.29929	1.29555	1.2985	1.325	1.29834	1.29076
12SD80	1.16643	0	1.28802	1.30407	1.28573	1.29183	1.29615	1.29617	1.30087	1.29598	1.28785	1.28355	1.27551	1.29298	1.28767	1.29904	1.30882	1.31958	1.30985	1.28678	1.29072	1.28371	1.29202	1.29536	1.35917	1.30887	1.29042	1.2884	1.29027	1.3424	1.29898	1.28335
15FL1-2	1.29205	1.28802	0	1.1881	1.16797	1.16537	1.18671	1.18015	1.20006	1.18844	1.14387	1.17544	1.14364	1.17723	1.18028	1.19681	1.20267	1.20219	1.19144	1.17785	1.17381	1.16512	1.16258	1.16851	1.31016	1.19174	1.18165	1.18276	1.16997	1.23225	1.16756	1.15374
15Fl1-4	1.30346	1.30407	1.1881	0	1.19433	1.20774	1.20585	1.21503	1.23448	1.21162	1.19489	1.20096	1.17847	1.20115	1.20399	1.22346	1.24031	1.19275	1.17969	1.21172	1.21184	1.18094	1.19512	1.19462	1.32419	1.22578	1.20795	1.20946	1.19058	1.21335	1.20078	1.20059
15MN10-4	1.28996	1.28573	1.16797	1.19433	0	1.17063	1.17378	1.17323	1.19732	1.1727	1.1592	1.16025	1.13412	1.16682	1.15935	1.18661	1.19577	1.22604	1.20958	1.17454	1.17126	1.1663	1.16069	1.17232	1.32407	1.20041	1.17902	1.1751	1.16402	1.26678	1.17696	1.16681
15MN10-5	1.2968	1.29183	1.16537	1.20774	1.17063	0	1.18606	1.18613	1.21245	1.18943	1.15156	1.18085	1.15837	1.18547	1.17976	1.20044	1.2086	1.24647	1.22855	1.18457	1.17804	1.18567	1.16684	1.18319	1.3188	1.18213	1.18948	1.18552	1.18412	1.26521	1.17152	1.16565
15MN13-4	1.30268	1.29615	1.18671	1.20585	1.17378	1.18606	0	1.18829	1.21632	1.19528	1.17516	1.18127	1.16757	1.18763	1.18021	1.2005	1.21197	1.23653	1.22636	1.19091	1.18296	1.18257	1.17652	1.1846	1.33005	1.21219	1.19827	1.19049	1.1877	1.27209	1.18838	1.18328
15MN14-4	1.3029	1.29617	1.18015	1.21503	1.17323	1.18613	1.18829	0	1.20125	1.18957	1.17233	1.1724	1.15205	1.18032	1.17603	1.19223	1.20592	1.24876	1.22896	1.18543	1.18329	1.18263	1.17194	1.18707	1.32999	1.20974	1.20022	1.18492	1.1871	1.28996	1.18563	1.17558
15MN15-3	1.30893	1.30087	1.20006	1.23448	1.19732	1.21245	1.21632	1.20125	0	1.2114	1.19319	1.1973	1.16913	1.20308	1.20089	1.22638	1.23942	1.2659	1.24501	1.20052	1.20486	1.20873	1.19862	1.21453	1.31965	1.22311	1.21385	1.20917	1.20453	1.30068	1.21439	1.20292
15MN16-3	1.3043	1.29598	1.18844	1.21162	1.1727	1.18943	1.19528	1.18957	1.2114	0	1.17717	1.17651	1.16204	1.18725	1.18234	1.19919	1.21211	1.24372	1.2309	1.18973	1.18426	1.18319	1.18254	1.19024	1.32803	1.21144	1.2034	1.1894	1.18688	1.28239	1.19997	1.18706
15MN17-5	1.2957	1.28785	1.14387	1.19489	1.1592	1.15156	1.17516	1.17233	1.19319	1.17717	0	1.16205	1.13988	1.17124	1.16367	1.19332	1.21775	1.22037	1.20726	1.16947	1.16513	1.16063	1.14718	1.16676	1.31191	1.17199	1.17832	1.17028	1.16363	1.25146	1.15973	1.15696
15MN18-1	1.29318	1.28355	1.17544	1.20096	1.16025	1.18085	1.18127	1.1724	1.1973	1.17651	1.16205	0	1.14199	1.1727	1.16672	1.19698	1.21658	1.23331	1.22144	1.17178	1.1741	1.17469	1.16748	1.18726	1.32309	1.20092	1.18539	1.17383	1.17101	1.28471	1.1918	1.17915
15MN18-3	1.2858	1.27551	1.14364	1.17847	1.13412	1.15837	1.16757	1.15205	1.16913	1.16204	1.13988	1.14199	0	1.15292	1.14454	1.16668	1.19435	1.20829	1.18344	1.15141	1.15157	1.1483	1.14563	1.15971	1.3057	1.18552	1.16242	1.15494	1.14763	1.25594	1.16485	1.15454
15MN23-1	1.30058	1.29298	1.17723	1.20115	1.16682	1.18547	1.18763	1.18032	1.20308	1.18725	1.17124	1.1727	1.15292	0	1.17311	1.18673	1.19259	1.23631	1.22284	1.18547	1.18053	1.17668	1.17025	1.18505	1.32848	1.21492	1.1961	1.18753	1.1851	1.27555	1.18519	1.1739
15MN24-1	1.30096	1.28767	1.18028	1.20399	1.15935	1.17976	1.18021	1.17603	1.20089	1.18234	1.16367	1.16672	1.14454	1.17311	0	1.19023	1.21284	1.23481	1.21621	1.17743	1.175	1.17429	1.16676	1.18342	1.32812	1.20562	1.18875	1.17514	1.1764	1.28033	1.19281	1.18045
15MN25-3	1.3086	1.29904	1.19681	1.22346	1.18661	1.20044	1.2005	1.19223	1.22638	1.19919	1.19332	1.19698	1.16668	1.18673	1.19023	0	1.16351	1.25664	1.24157	1.21069	1.19592	1.20012	1.19427	1.19472	1.33058	1.23297	1.20986	1.21031	1.19956	1.29147	1.19694	1.1797
15MN27-3	1.31689	1.30882	1.20267	1.24031	1.19577	1.2086	1.21197	1.20592	1.23942	1.21211	1.21775	1.21658	1.19435	1.19259	1.21284	1.16351	0	1.27321	1.25466	1.22375	1.20727	1.21013	1.20237	1.21387	1.33527	1.25652	1.23113	1.23336	1.22575	1.30748	1.20891	1.17296
15MS7-1	1.3094	1.31958	1.20219	1.19275	1.22604	1.24647	1.23653	1.24876	1.2659	1.24372	1.22037	1.23331	1.20829	1.23631	1.23481	1.25664	1.27321	0	1.09644	1.25257	1.24358	1.18235	1.22554	1.20042	1.32166	1.25817	1.23719	1.23487	1.20148	1.12414	1.22614	1.22308
15ND19-2	1.30245	1.30985	1.19144	1.17969	1.20958	1.22855	1.22636	1.22896	1.24501	1.2309	1.20726	1.22144	1.18344	1.22284	1.21621	1.24157	1.25466	1.09644	0	1.2263	1.22232	1.16088	1.21543	1.18747	1.33461	1.24903	1.22822	1.2288	1.19184	1.1384	1.21477	1.21062
15ND19-5	1.29593	1.28678	1.17785	1.21172	1.17454	1.18457	1.19091	1.18543	1.20052	1.18973	1.16947	1.17178	1.15141	1.18547	1.17743	1.21069	1.22375	1.25257	1.2263	0	1.17794	1.16069	1.17081	1.18439	1.32829	1.20536	1.19178	1.17356	1.17911	1.28547	1.19144	1.18376
15ND20-3	1.29521	1.29072	1.17381	1.21184	1.17126	1.17804	1.18296	1.18329	1.20486	1.18426	1.16513	1.1741	1.15157	1.18053	1.175	1.19592	1.20727	1.24358	1.22232	1.17794	0	1.17924	1.17237	1.18534	1.32584	1.21032	1.1908	1.18488	1.17928	1.27871	1.18585	1.17535
15ND20-4	1.29116	1.28371	1.16512	1.18094	1.1663	1.18567	1.18257	1.18263	1.20873	1.18319	1.16063	1.17469	1.1483	1.17668	1.17429	1.20012	1.21013	1.18235	1.16088	1.16069	1.17924	0	1.16469	1.16327	1.3241	1.20714	1.18634	1.18008	1.16355	1.22092	1.18127	1.17623
15NE8-4	1.30089	1.29202	1.16258	1.19512	1.16069	1.16684	1.17652	1.17194	1.19862	1.18254	1.14718	1.16748	1.14563	1.17025	1.16676	1.19427	1.20237	1.22554	1.21543	1.17081	1.17237	1.16469	0	1.1568	1.31498	1.188	1.18409	1.16913	1.16492	1.26243	1.17431	1.16654
15NE8-5	1.29544	1.29536	1.16851	1.19462	1.17232	1.18319	1.1846	1.18707	1.21453	1.19024	1.16676	1.18726	1.15971	1.18505	1.18342	1.19472	1.21387	1.20042	1.18747	1.18439	1.18534	1.16327	1.1568	0	1.31491	1.20614	1.19594	1.18509	1.17204	1.22534	1.17287	1.17235
15NE9-1	1.35593	1.35917	1.31016	1.32419	1.32407	1.3188	1.33005	1.32999	1.31965	1.32803	1.31191	1.32309	1.3057	1.32848	1.32812	1.33058	1.33527	1.32166	1.33461	1.32829	1.32584	1.3241	1.31498	1.31491	0	1.30298	1.31793	1.30146	1.31989	1.29247	1.3167	1.30965
15NE9-3	1.31481	1.30887	1.19174	1.22578	1.20041	1.18213	1.21219	1.20974	1.22311	1.21144	1.17199	1.20092	1.18552	1.21492	1.20562	1.23297	1.25652	1.25817	1.24903	1.20536	1.21032	1.20714	1.188	1.20614	1.30298	0	1.20065	1.19667	1.2038	1.2654	1.20162	1.19483
15OH12-3	1.29929	1.29042	1.18165	1.20795	1.17902	1.18948	1.19827	1.20022	1.21385	1.2034	1.17832	1.18539	1.16242	1.1961	1.18875	1.20986	1.23113	1.23719	1.22822	1.19178	1.1908	1.18634	1.18409	1.19594	1.31793	1.20065	0	1.19129	1.19145	1.26417	1.20376	1.1875
15SD11-1	1.29555	1.2884	1.18276	1.20946	1.1751	1.18552	1.19049	1.18492	1.20917	1.1894	1.17028	1.17383	1.15494	1.18753	1.17514	1.21031	1.23336	1.23487	1.2288	1.17356	1.18488	1.18008	1.16913	1.18509	1.30146	1.19667	1.19129	0	1.1762	1.26774	1.19697	1.18971
15SD11-2	1.2985	1.29027	1.16997	1.19058	1.16402	1.18412	1.1877	1.1871	1.20453	1.18688	1.16363	1.17101	1.14763	1.1851	1.1764	1.19956	1.22575	1.20148	1.19184	1.17911	1.17928	1.16355	1.16492	1.17204	1.31989	1.2038	1.19145	1.1762	0	1.23921	1.18825	1.17952
15SD30-1	1.325	1.3424	1.23225	1.21335	1.26678	1.26521	1.27209	1.28996	1.30068	1.28239	1.25146	1.28471	1.25594	1.27555	1.28033	1.29147	1.30748	1.12414	1.1384	1.28547	1.27871	1.22092	1.26243	1.22534	1.29247	1.2654	1.26417	1.26774	1.23921	0	1.24343	1.2524
15SD30-3	1.29834	1.29898	1.16756	1.20078	1.17696	1.17152	1.18838	1.18563	1.21439	1.19997	1.15973	1.1918	1.16485	1.18519	1.19281	1.19694	1.20891	1.22614	1.21477	1.19144	1.18585	1.18127	1.17431	1.17287	1.3167	1.20162	1.20376	1.19697	1.18825	1.24343	0	1.16738
15TX3-1	1.29076	1.28335	1.15374	1.20059	1.16681	1.16565	1.18328	1.17558	1.20292	1.18706	1.15696	1.17915	1.15454	1.1739	1.18045	1.1797	1.17296	1.22308	1.21062	1.18376	1.17535	1.17623	1.16654	1.17235	1.30965	1.19483	1.1875	1.18971	1.17952	1.2524	1.16738	0
